Abacavir
  Marvin  12310709493D          

 39 42  0  0  1  0            999 V2000
    5.6466   -3.2706   -0.7725 O   0  0  0  0  0  0  0  0  0  0  0  0
   -3.1978    2.4606    0.4127 N   0  0  0  0  0  0  0  0  0  0  0  0
    0.5140   -0.3213    0.5504 N   0  0  0  0  0  0  0  0  0  0  0  0
   -0.1869    1.8117    0.5485 N   0  0  0  0  0  0  0  0  0  0  0  0
   -3.5011    0.2104    0.4924 N   0  0  0  0  0  0  0  0  0  0  0  0
   -1.7277   -1.3303    0.4868 N   0  0  0  0  0  0  0  0  0  0  0  0
   -3.9378   -2.0396    0.4036 N   0  0  0  0  0  0  0  0  0  0  0  0
   -3.2405    3.1086   -0.8129 C   0  0  1  0  0  0  0  0  0  0  0  0
   -3.7245    4.5645   -0.8027 C   0  0  0  0  0  0  0  0  0  0  0  0
   -2.2533    4.2478   -1.0967 C   0  0  0  0  0  0  0  0  0  0  0  0
    1.3210   -1.5162    0.5453 C   0  0  2  0  0  0  0  0  0  0  0  0
    2.7748   -1.4855    1.0816 C   0  0  0  0  0  0  0  0  0  0  0  0
    3.5274   -2.5519    0.2446 C   0  0  1  0  0  0  0  0  0  0  0  0
    1.5091   -2.0632   -0.7729 C   0  0  0  0  0  0  0  0  0  0  0  0
    2.6984   -2.6406   -0.9299 C   0  0  0  0  0  0  0  0  0  0  0  0
   -2.6517    1.2713    0.5028 C   0  0  0  0  0  0  0  0  0  0  0  0
   -0.8332   -0.3081    0.5252 C   0  0  0  0  0  0  0  0  0  0  0  0
   -1.2656    1.0183    0.5307 C   0  0  0  0  0  0  0  0  0  0  0  0
    5.0123   -2.2198   -0.0497 C   0  0  0  0  0  0  0  0  0  0  0  0
    0.8743    0.9835    0.5579 C   0  0  0  0  0  0  0  0  0  0  0  0
   -3.0627   -1.0741    0.4705 C   0  0  0  0  0  0  0  0  0  0  0  0
   -3.6041    2.5530   -1.6829 H   0  0  0  0  0  0  0  0  0  0  0  0
   -4.3248    4.8694   -1.6621 H   0  0  0  0  0  0  0  0  0  0  0  0
   -3.9206    5.0232    0.1683 H   0  0  0  0  0  0  0  0  0  0  0  0
   -1.9304    4.3171   -2.1370 H   0  0  0  0  0  0  0  0  0  0  0  0
   -1.5381    4.4725   -0.3034 H   0  0  0  0  0  0  0  0  0  0  0  0
    0.7957   -2.2844    1.1258 H   0  0  0  0  0  0  0  0  0  0  0  0
    2.8158   -1.7089    2.1517 H   0  0  0  0  0  0  0  0  0  0  0  0
    3.2305   -0.5030    0.9399 H   0  0  0  0  0  0  0  0  0  0  0  0
    3.4834   -3.5191    0.7573 H   0  0  0  0  0  0  0  0  0  0  0  0
   -3.6401    2.8266    1.1526 H   0  0  0  0  0  0  0  0  0  0  0  0
    0.8204   -2.0381   -1.4886 H   0  0  0  0  0  0  0  0  0  0  0  0
    2.9745   -3.0920   -1.7707 H   0  0  0  0  0  0  0  0  0  0  0  0
    5.5548   -2.0824    0.8879 H   0  0  0  0  0  0  0  0  0  0  0  0
    5.0997   -1.3002   -0.6334 H   0  0  0  0  0  0  0  0  0  0  0  0
    1.8326    1.3365    0.5619 H   0  0  0  0  0  0  0  0  0  0  0  0
    6.5626   -2.9582   -0.9281 H   0  0  0  0  0  0  0  0  0  0  0  0
   -4.8499   -1.8452    0.4710 H   0  0  0  0  0  0  0  0  0  0  0  0
   -3.6574   -2.9221    0.2739 H   0  0  0  0  0  0  0  0  0  0  0  0
  1 19  1  0  0  0  0
  1 37  1  0  0  0  0
  2  8  1  0  0  0  0
  2 16  1  0  0  0  0
  2 31  1  0  0  0  0
 11  3  1  0  0  0  0
  3 17  1  0  0  0  0
  3 20  1  0  0  0  0
  4 18  1  0  0  0  0
  4 20  2  0  0  0  0
  5 16  1  0  0  0  0
  5 21  2  0  0  0  0
  6 17  2  0  0  0  0
  6 21  1  0  0  0  0
  7 21  1  0  0  0  0
  7 38  1  0  0  0  0
  7 39  1  0  0  0  0
  8  9  1  0  0  0  0
  8 10  1  0  0  0  0
  8 22  1  0  0  0  0
  9 10  1  0  0  0  0
  9 23  1  0  0  0  0
  9 24  1  0  0  0  0
 10 25  1  0  0  0  0
 10 26  1  0  0  0  0
 11 12  1  0  0  0  0
 11 14  1  0  0  0  0
 11 27  1  0  0  0  0
 12 13  1  0  0  0  0
 12 28  1  0  0  0  0
 12 29  1  0  0  0  0
 13 15  1  0  0  0  0
 13 19  1  0  0  0  0
 13 30  1  0  0  0  0
 14 15  2  0  0  0  0
 14 32  1  0  0  0  0
 15 33  1  0  0  0  0
 16 18  2  0  0  0  0
 17 18  1  0  0  0  0
 19 34  1  0  0  0  0
 19 35  1  0  0  0  0
 20 36  1  0  0  0  0
M  END

> <PUBCHEM_BONDANNOTATIONS>
13  19  5
16  18  8
17  18  8
11  3  5
3  17  8
3  20  8
4  18  8
4  20  8
5  16  8
5  21  8
6  17  8
6  21  8

> <StdInChI>
InChI=1S/C14H18N6O/c15-14-18-12(17-9-2-3-9)11-13(19-14)20(7-16-11)10-4-1-8(5-10)6-21/h1,4,7-10,21H,2-3,5-6H2,(H3,15,17,18,19)/t8-,10+/m1/s1

> <StdInChIKey>
MCGSCOLBFJQGHM-SCZZXKLOSA-N

> <AuxInfo>
1/1/N:15,9,10,14,12,19,20,13,8,11,18,16,17,21,7,4,2,5,6,3,1/E:(2,3)/it:im/rA:39cONNNNNNCCCCCCCCCCCCCCHHHHHHHHHHHHHHHHHH/rB:;;;;;;s2;s8;s8s9;s3;s11;s12;s11;s13d14;s2s5;s3d6;s4d16s17;s1s13;s3d4;d5s6s7;s8;s9;s9;s10;s10;s11;s12;s12;s13;s2;s14;s15;s19;s19;s20;s1;s7;s7;/rC:5.6466,-3.2706,-.7725;-3.1978,2.4606,.4127;.514,-.3213,.5504;-.1869,1.8117,.5485;-3.5011,.2104,.4924;-1.7277,-1.3303,.4868;-3.9378,-2.0396,.4036;-3.2405,3.1086,-.8129;-3.7245,4.5645,-.8027;-2.2533,4.2478,-1.0967;1.321,-1.5162,.5453;2.7748,-1.4855,1.0816;3.5274,-2.5519,.2446;1.5091,-2.0632,-.7729;2.6984,-2.6406,-.9299;-2.6517,1.2713,.5028;-.8332,-.3081,.5252;-1.2656,1.0183,.5307;5.0123,-2.2198,-.0497;.8743,.9835,.5579;-3.0627,-1.0741,.4705;-3.6041,2.553,-1.6829;-4.3248,4.8694,-1.6621;-3.9206,5.0232,.1683;-1.9304,4.3171,-2.137;-1.5381,4.4725,-.3034;.7957,-2.2844,1.1258;2.8158,-1.7089,2.1517;3.2305,-.503,.9399;3.4834,-3.5191,.7573;-3.6401,2.8266,1.1526;.8204,-2.0381,-1.4886;2.9745,-3.092,-1.7707;5.5548,-2.0824,.8879;5.0997,-1.3002,-.6334;1.8326,1.3365,.5619;6.5626,-2.9582,-.9281;-4.8499,-1.8452,.471;-3.6574,-2.9221,.2739;

> <Formula>
C14 H18 N6 O

> <Mw>
286.3323

> <SMILES>
O([H])C([H])([H])[C@]1([H])C([H])=C([H])[C@@]([H])(C1([H])[H])N1C([H])=NC2C1=NC(N([H])[H])=NC=2N([H])C1([H])C([H])([H])C1([H])[H]

> <CSID>
390063

$$$$
