Adefovir
  Marvin  12310715543D          

 30 31  0  0  0  0            999 V2000
    3.1178   -3.2492   -1.6710 P   0  0  1  0  0  0  0  0  0  0  0  0
    1.8102   -1.4911   -0.4031 O   0  0  0  0  0  0  0  0  0  0  0  0
    3.4292   -3.6664   -3.0154 O   0  0  0  0  0  0  0  0  0  0  0  0
    2.4632   -4.3375   -0.9885 O   0  0  0  0  0  0  0  0  0  0  0  0
    4.3447   -2.9269   -0.9877 O   0  0  0  0  0  0  0  0  0  0  0  0
   -0.1721    1.1997    1.1639 N   0  0  0  0  0  0  0  0  0  0  0  0
   -0.8590    3.3228    1.0638 N   0  0  0  0  0  0  0  0  0  0  0  0
   -2.4111    0.1785    1.1830 N   0  0  0  0  0  0  0  0  0  0  0  0
   -4.1763    1.7317    1.0661 N   0  0  0  0  0  0  0  0  0  0  0  0
   -3.7940    4.0022    0.9154 N   0  0  0  0  0  0  0  0  0  0  0  0
    0.6866    0.0542    1.1421 C   0  0  0  0  0  0  0  0  0  0  0  0
    0.9626   -0.3350   -0.3262 C   0  0  0  0  0  0  0  0  0  0  0  0
   -1.5153    1.1990    1.1504 C   0  0  0  0  0  0  0  0  0  0  0  0
   -1.9377    2.5260    1.0706 C   0  0  0  0  0  0  0  0  0  0  0  0
    0.2012    2.4973    1.1270 C   0  0  0  0  0  0  0  0  0  0  0  0
    2.1275   -1.9257   -1.7355 C   0  0  0  0  0  0  0  0  0  0  0  0
   -3.3182    2.7876    1.0171 C   0  0  0  0  0  0  0  0  0  0  0  0
   -3.7431    0.4437    1.1457 C   0  0  0  0  0  0  0  0  0  0  0  0
    1.6299    0.2624    1.6548 H   0  0  0  0  0  0  0  0  0  0  0  0
    0.2269   -0.7897    1.6649 H   0  0  0  0  0  0  0  0  0  0  0  0
    0.0084   -0.5398   -0.8222 H   0  0  0  0  0  0  0  0  0  0  0  0
    1.4400    0.5122   -0.8284 H   0  0  0  0  0  0  0  0  0  0  0  0
    1.1687    2.8277    1.1294 H   0  0  0  0  0  0  0  0  0  0  0  0
    1.2212   -2.2015   -2.2810 H   0  0  0  0  0  0  0  0  0  0  0  0
    2.6459   -1.1379   -2.2884 H   0  0  0  0  0  0  0  0  0  0  0  0
   -4.4152   -0.3234    1.1737 H   0  0  0  0  0  0  0  0  0  0  0  0
   -4.7031    4.1617    1.0649 H   0  0  0  0  0  0  0  0  0  0  0  0
   -3.2295    4.7127    0.6877 H   0  0  0  0  0  0  0  0  0  0  0  0
    3.9279   -4.3769   -3.1568 H   0  0  0  0  0  0  0  0  0  0  0  0
    2.8628   -5.1184   -0.9163 H   0  0  0  0  0  0  0  0  0  0  0  0
  1  3  1  0  0  0  0
  1  4  1  0  0  0  0
  1  5  2  0  0  0  0
  1 16  1  0  0  0  0
  2 12  1  0  0  0  0
  2 16  1  0  0  0  0
  3 29  1  0  0  0  0
  4 30  1  0  0  0  0
  6 11  1  0  0  0  0
  6 13  1  0  0  0  0
  6 15  1  0  0  0  0
  7 14  1  0  0  0  0
  7 15  2  0  0  0  0
  8 13  2  0  0  0  0
  8 18  1  0  0  0  0
  9 17  1  0  0  0  0
  9 18  2  0  0  0  0
 10 17  1  0  0  0  0
 10 27  1  0  0  0  0
 10 28  1  0  0  0  0
 11 12  1  0  0  0  0
 11 19  1  0  0  0  0
 11 20  1  0  0  0  0
 12 21  1  0  0  0  0
 12 22  1  0  0  0  0
 13 14  1  0  0  0  0
 14 17  2  0  0  0  0
 15 23  1  0  0  0  0
 16 24  1  0  0  0  0
 16 25  1  0  0  0  0
 18 26  1  0  0  0  0
M  END

> <PUBCHEM_BONDANNOTATIONS>
13  14  8
14  17  8
6  13  8
6  15  8
7  14  8
7  15  8
8  13  8
8  18  8
9  17  8
9  18  8

> <StdInChI>
InChI=1S/C8H12N5O4P/c9-7-6-8(11-3-10-7)13(4-12-6)1-2-17-5-18(14,15)16/h3-4H,1-2,5H2,(H2,9,10,11)(H2,14,15,16)

> <StdInChIKey>
SUPKOOSCJHTBAH-UHFFFAOYSA-N

> <AuxInfo>
1/1/N:11,12,18,15,16,14,17,13,10,9,8,7,6,3,4,5,2,1/E:(14,15,16)/rA:30nPOOOONNNNNCCCCCCCCHHHHHHHHHHHH/rB:;s1;s1;d1;;;;;;s6;s2s11;s6d8;s7s13;s6d7;s1s2;s9s10d14;s8d9;s11;s11;s12;s12;s15;s16;s16;s18;s10;s10;s3;s4;/rC:3.1178,-3.2492,-1.671;1.8102,-1.4911,-.4031;3.4292,-3.6664,-3.0154;2.4632,-4.3375,-.9885;4.3447,-2.9269,-.9877;-.1721,1.1997,1.1639;-.859,3.3228,1.0638;-2.4111,.1785,1.183;-4.1763,1.7317,1.0661;-3.794,4.0022,.9154;.6866,.0542,1.1421;.9626,-.335,-.3262;-1.5153,1.199,1.1504;-1.9377,2.526,1.0706;.2012,2.4973,1.127;2.1275,-1.9257,-1.7355;-3.3182,2.7876,1.0171;-3.7431,.4437,1.1457;1.6299,.2624,1.6548;.2269,-.7897,1.6649;.0084,-.5398,-.8222;1.44,.5122,-.8284;1.1687,2.8277,1.1294;1.2212,-2.2015,-2.281;2.6459,-1.1379,-2.2884;-4.4152,-.3234,1.1737;-4.7031,4.1617,1.0649;-3.2295,4.7127,.6877;3.9279,-4.3769,-3.1568;2.8628,-5.1184,-.9163;

> <Formula>
C8 H12 N5 O4 P

> <Mw>
273.1857

> <SMILES>
P(C([H])([H])OC([H])([H])C([H])([H])N1C([H])=NC2=C(N([H])[H])N=C([H])N=C12)(=O)(O[H])O[H]

> <CSID>
54252

$$$$
