Amantadine 
  Marvin  12300703363D          

 28 30  0  0  0  0            999 V2000
   -2.3750   -0.6675   -1.3227 N   0  0  0  0  0  0  0  0  0  0  0  0
   -1.1213   -0.3130   -0.6316 C   0  0  1  0  0  0  0  0  0  0  0  0
    1.4227   -0.6398   -0.6238 C   0  0  1  0  0  0  0  0  0  0  0  0
    0.4314    1.6237    0.0122 C   0  0  2  0  0  0  0  0  0  0  0  0
    0.1694   -0.3713    1.5829 C   0  0  1  0  0  0  0  0  0  0  0  0
    0.0846   -1.0215   -1.3352 C   0  0  0  0  0  0  0  0  0  0  0  0
   -0.9062    1.2363   -0.6972 C   0  0  0  0  0  0  0  0  0  0  0  0
   -1.1668   -0.7577    0.8693 C   0  0  0  0  0  0  0  0  0  0  0  0
    1.6257    0.9076   -0.6962 C   0  0  0  0  0  0  0  0  0  0  0  0
    1.3640   -1.0853    0.8727 C   0  0  0  0  0  0  0  0  0  0  0  0
    0.3741    1.1761    1.5081 C   0  0  0  0  0  0  0  0  0  0  0  0
    2.2589   -1.1407   -1.1204 H   0  0  0  0  0  0  0  0  0  0  0  0
    0.5740    2.7071   -0.0397 H   0  0  0  0  0  0  0  0  0  0  0  0
    0.1295   -0.6831    2.6308 H   0  0  0  0  0  0  0  0  0  0  0  0
   -0.0479   -2.1074   -1.3199 H   0  0  0  0  0  0  0  0  0  0  0  0
    0.1314   -0.7361   -2.3904 H   0  0  0  0  0  0  0  0  0  0  0  0
   -0.8877    1.5762   -1.7370 H   0  0  0  0  0  0  0  0  0  0  0  0
   -1.7425    1.7581   -0.2225 H   0  0  0  0  0  0  0  0  0  0  0  0
   -2.0117   -0.2886    1.3819 H   0  0  0  0  0  0  0  0  0  0  0  0
   -1.3280   -1.8373    0.9424 H   0  0  0  0  0  0  0  0  0  0  0  0
    1.7005    1.2327   -1.7377 H   0  0  0  0  0  0  0  0  0  0  0  0
    2.5709    1.1885   -0.2228 H   0  0  0  0  0  0  0  0  0  0  0  0
    1.2532   -2.1710    0.9418 H   0  0  0  0  0  0  0  0  0  0  0  0
    2.3040   -0.8440    1.3772 H   0  0  0  0  0  0  0  0  0  0  0  0
   -0.4376    1.6925    2.0280 H   0  0  0  0  0  0  0  0  0  0  0  0
    1.2952    1.4621    2.0240 H   0  0  0  0  0  0  0  0  0  0  0  0
   -3.1519   -0.2187   -0.8318 H   0  0  0  0  0  0  0  0  0  0  0  0
   -2.5127   -1.6778   -1.2425 H   0  0  0  0  0  0  0  0  0  0  0  0
  1  2  1  0  0  0  0
  1 27  1  0  0  0  0
  1 28  1  0  0  0  0
  2  6  1  0  0  0  0
  2  7  1  0  0  0  0
  2  8  1  0  0  0  0
  3  6  1  0  0  0  0
  3  9  1  0  0  0  0
  3 10  1  0  0  0  0
  3 12  1  0  0  0  0
  4  7  1  0  0  0  0
  4  9  1  0  0  0  0
  4 11  1  0  0  0  0
  4 13  1  0  0  0  0
  5  8  1  0  0  0  0
  5 10  1  0  0  0  0
  5 11  1  0  0  0  0
  5 14  1  0  0  0  0
  6 15  1  0  0  0  0
  6 16  1  0  0  0  0
  7 17  1  0  0  0  0
  7 18  1  0  0  0  0
  8 19  1  0  0  0  0
  8 20  1  0  0  0  0
  9 21  1  0  0  0  0
  9 22  1  0  0  0  0
 10 23  1  0  0  0  0
 10 24  1  0  0  0  0
 11 25  1  0  0  0  0
 11 26  1  0  0  0  0
M  END

> <StdInChI>
InChI=1S/C10H17N/c11-10-4-7-1-8(5-10)3-9(2-7)6-10/h7-9H,1-6,11H2/t7-,8+,9-,10-

> <StdInChIKey>
DKNWSYNQZKUICI-CHIWXEEVSA-N

> <AuxInfo>
1/0/N:10,11,9,8,6,7,5,3,4,2,1/E:(1,2,3)(4,5,6)(7,8,9)/rA:28nNCCCCCCCCCCHHHHHHHHHHHHHHHHH/rB:s1;;;;s2s3;s2s4;s2s5;s3s4;s3s5;s4s5;s3;s4;s5;s6;s6;s7;s7;s8;s8;s9;s9;s10;s10;s11;s11;s1;s1;/rC:-2.375,-.6675,-1.3227;-1.1213,-.313,-.6316;1.4227,-.6398,-.6238;.4314,1.6237,.0122;.1694,-.3713,1.5829;.0846,-1.0215,-1.3352;-.9062,1.2363,-.6972;-1.1668,-.7577,.8693;1.6257,.9076,-.6962;1.364,-1.0853,.8727;.3741,1.1761,1.5081;2.2589,-1.1407,-1.1204;.574,2.7071,-.0397;.1295,-.6831,2.6308;-.0479,-2.1074,-1.3199;.1314,-.7361,-2.3904;-.8877,1.5762,-1.737;-1.7425,1.7581,-.2225;-2.0117,-.2886,1.3819;-1.328,-1.8373,.9424;1.7005,1.2327,-1.7377;2.5709,1.1885,-.2228;1.2532,-2.171,.9418;2.304,-.844,1.3772;-.4376,1.6925,2.028;1.2952,1.4621,2.024;-3.1519,-.2187,-.8318;-2.5127,-1.6778,-1.2425;

> <Formula>
C10 H17 N

> <Mw>
151.2487

> <SMILES>
N([H])([H])[C@@]12C([H])([H])[C@]3([H])C([H])([H])[C@@]([H])(C([H])([H])[C@@]([H])(C3([H])[H])C1([H])[H])C2([H])[H]

> <CSID>
2045

$$$$
