Cidofovir
  Marvin  12310715543D          

 32 32  0  0  1  0            999 V2000
   -1.0859   -4.2865    0.0346 P   0  0  1  0  0  0  0  0  0  0  0  0
   -0.0175   -2.0318   -0.5301 O   0  0  0  0  0  0  0  0  0  0  0  0
    1.1561   -0.8415   -2.8209 O   0  0  0  0  0  0  0  0  0  0  0  0
   -2.2259   -4.8153    0.7443 O   0  0  0  0  0  0  0  0  0  0  0  0
    0.1111   -4.7047    0.7217 O   0  0  0  0  0  0  0  0  0  0  0  0
   -1.0841   -4.7984   -1.3116 O   0  0  0  0  0  0  0  0  0  0  0  0
   -2.1142    1.6958    0.7467 O   0  0  0  0  0  0  0  0  0  0  0  0
    0.1571    1.5019    0.7541 N   0  0  0  0  0  0  0  0  0  0  0  0
   -0.9751    3.4903    0.5318 N   0  0  0  0  0  0  0  0  0  0  0  0
    0.0455    5.4325    0.2920 N   0  0  0  0  0  0  0  0  0  0  0  0
    0.0483   -0.5901   -0.6101 C   0  0  1  0  0  0  0  0  0  0  0  0
    0.1795    0.0850    0.7925 C   0  0  0  0  0  0  0  0  0  0  0  0
    1.2385   -0.2287   -1.5397 C   0  0  0  0  0  0  0  0  0  0  0  0
   -1.1909   -2.6358    0.0467 C   0  0  0  0  0  0  0  0  0  0  0  0
    1.3070    2.1886    0.7331 C   0  0  0  0  0  0  0  0  0  0  0  0
   -0.9950    2.1882    0.6856 C   0  0  0  0  0  0  0  0  0  0  0  0
    1.3303    3.5275    0.5706 C   0  0  0  0  0  0  0  0  0  0  0  0
    0.1249    4.1660    0.4630 C   0  0  0  0  0  0  0  0  0  0  0  0
   -0.8557   -0.2217   -1.1063 H   0  0  0  0  0  0  0  0  0  0  0  0
    1.0782   -0.3165    1.2732 H   0  0  0  0  0  0  0  0  0  0  0  0
   -0.6156   -0.2535    1.4598 H   0  0  0  0  0  0  0  0  0  0  0  0
    2.1864   -0.5246   -1.0846 H   0  0  0  0  0  0  0  0  0  0  0  0
    1.2698    0.8470   -1.7242 H   0  0  0  0  0  0  0  0  0  0  0  0
   -2.0918   -2.3350   -0.4929 H   0  0  0  0  0  0  0  0  0  0  0  0
   -1.3020   -2.3593    1.0949 H   0  0  0  0  0  0  0  0  0  0  0  0
    2.1866    1.7286    0.8178 H   0  0  0  0  0  0  0  0  0  0  0  0
    2.1927    4.0215    0.5339 H   0  0  0  0  0  0  0  0  0  0  0  0
    1.9312   -0.4893   -3.3105 H   0  0  0  0  0  0  0  0  0  0  0  0
   -2.2896   -5.6752    0.9176 H   0  0  0  0  0  0  0  0  0  0  0  0
    0.2678   -5.5590    0.8625 H   0  0  0  0  0  0  0  0  0  0  0  0
   -0.7884    5.8560    0.2957 H   0  0  0  0  0  0  0  0  0  0  0  0
    0.8208    5.9381    0.1586 H   0  0  0  0  0  0  0  0  0  0  0  0
  1  4  1  0  0  0  0
  1  5  1  0  0  0  0
  1  6  2  0  0  0  0
  1 14  1  0  0  0  0
 11  2  1  0  0  0  0
  2 14  1  0  0  0  0
  3 13  1  0  0  0  0
  3 28  1  0  0  0  0
  4 29  1  0  0  0  0
  5 30  1  0  0  0  0
  7 16  2  0  0  0  0
  8 12  1  0  0  0  0
  8 15  1  0  0  0  0
  8 16  1  0  0  0  0
  9 16  1  0  0  0  0
  9 18  2  0  0  0  0
 10 18  1  0  0  0  0
 10 31  1  0  0  0  0
 10 32  1  0  0  0  0
 11 12  1  0  0  0  0
 11 13  1  0  0  0  0
 11 19  1  0  0  0  0
 12 20  1  0  0  0  0
 12 21  1  0  0  0  0
 13 22  1  0  0  0  0
 13 23  1  0  0  0  0
 14 24  1  0  0  0  0
 14 25  1  0  0  0  0
 15 17  2  0  0  0  0
 15 26  1  0  0  0  0
 17 18  1  0  0  0  0
 17 27  1  0  0  0  0
M  END

> <PUBCHEM_BONDANNOTATIONS>
15  17  8
17  18  8
11  2  5
8  15  8
8  16  8
9  16  8
9  18  8

> <StdInChI>
InChI=1S/C8H14N3O6P/c9-7-1-2-11(8(13)10-7)3-6(4-12)17-5-18(14,15)16/h1-2,6,12H,3-5H2,(H2,9,10,13)(H2,14,15,16)/t6-/m0/s1

> <StdInChIKey>
VWFCHDSQECPREK-LURJTMIESA-N

> <AuxInfo>
1/1/N:17,15,12,13,14,11,18,16,10,9,8,3,7,4,5,6,2,1/E:(14,15,16)/it:im/rA:32cPOOOOOONNNCCCCCCCCHHHHHHHHHHHHHH/rB:;;s1;s1;d1;;;;;s2;s8s11;s3s11;s1s2;s8;d7s8s9;d15;d9s10s17;s11;s12;s12;s13;s13;s14;s14;s15;s17;s3;s4;s5;s10;s10;/rC:-1.0859,-4.2865,.0346;-.0175,-2.0318,-.5301;1.1561,-.8415,-2.8209;-2.2259,-4.8153,.7443;.1111,-4.7047,.7217;-1.0841,-4.7984,-1.3116;-2.1142,1.6958,.7467;.1571,1.5019,.7541;-.9751,3.4903,.5318;.0455,5.4325,.292;.0483,-.5901,-.6101;.1795,.085,.7925;1.2385,-.2287,-1.5397;-1.1909,-2.6358,.0467;1.307,2.1886,.7331;-.995,2.1882,.6856;1.3303,3.5275,.5706;.1249,4.166,.463;-.8557,-.2217,-1.1063;1.0782,-.3165,1.2732;-.6156,-.2535,1.4598;2.1864,-.5246,-1.0846;1.2698,.847,-1.7242;-2.0918,-2.335,-.4929;-1.302,-2.3593,1.0949;2.1866,1.7286,.8178;2.1927,4.0215,.5339;1.9312,-.4893,-3.3105;-2.2896,-5.6752,.9176;.2678,-5.559,.8625;-.7884,5.856,.2957;.8208,5.9381,.1586;

> <Formula>
C8 H14 N3 O6 P

> <Mw>
279.187

> <SMILES>
P(C([H])([H])O[C@]([H])(C([H])([H])O[H])C([H])([H])N1C(N=C(C([H])=C1[H])N([H])[H])=O)(=O)(O[H])O[H]

> <CSID>
54636

$$$$
