Delavirdine


 32 35  0  0000  0  0  0  0  0999 V2000
    6.0622    0.0000    0.0000 O   0  0  0  0  0  0  0  0  0  0  0
    6.0622   -1.0000    0.0000 C   0  0  0  0  0  0  0  0  0  0  0
    5.1961   -1.5000    0.0000 N   0  0  0  0  0  0  0  0  0  0  0
    5.1961   -2.5000    0.0000 C   0  0  0  0  0  0  0  0  0  0  0
    4.3301   -3.0000    0.0000 C   0  0  0  0  0  0  0  0  0  0  0
    3.4641   -2.5000    0.0000 N   0  0  0  0  0  0  0  0  0  0  0
    2.5981   -3.0000    0.0000 C   0  0  0  0  0  0  0  0  0  0  0
    2.5981   -4.0000    0.0000 N   0  0  0  0  0  0  0  0  0  0  0
    1.7321   -4.5000    0.0000 C   0  0  0  0  0  0  0  0  0  0  0
    0.8660   -4.0000    0.0000 C   0  0  0  0  0  0  0  0  0  0  0
    0.8660   -3.0000    0.0000 C   0  0  0  0  0  0  0  0  0  0  0
    1.7321   -2.5000    0.0000 C   0  0  0  0  0  0  0  0  0  0  0
    1.7321   -1.5000    0.0000 N   0  0  0  0  0  0  0  0  0  0  0
    0.8660   -1.0000    0.0000 C   0  0  0  0  0  0  0  0  0  0  0
    0.0000   -1.5000    0.0000 C   0  0  0  0  0  0  0  0  0  0  0
    0.8660    0.0000    0.0000 C   0  0  0  0  0  0  0  0  0  0  0
    3.4641   -1.5000    0.0000 C   0  0  0  0  0  0  0  0  0  0  0
    4.3301   -1.0000    0.0000 C   0  0  0  0  0  0  0  0  0  0  0
    6.9282   -1.5000    0.0000 C   0  0  0  0  0  0  0  0  0  0  0
    7.0327   -2.4945    0.0000 N   0  0  0  0  0  0  0  0  0  0  0
    7.8417   -1.0932    0.0000 C   0  0  0  0  0  0  0  0  0  0  0
    8.5109   -1.8364    0.0000 C   0  0  0  0  0  0  0  0  0  0  0
    8.0109   -2.7024    0.0000 C   0  0  0  0  0  0  0  0  0  0  0
    8.5109   -3.5684    0.0000 C   0  0  0  0  0  0  0  0  0  0  0
    9.5108   -3.5684    0.0000 C   0  0  0  0  0  0  0  0  0  0  0
   10.0108   -2.7024    0.0000 C   0  0  0  0  0  0  0  0  0  0  0
   11.0108   -2.7024    0.0000 N   0  0  0  0  0  0  0  0  0  0  0
   11.5108   -3.5684    0.0000 S   0  0  0  0  0  0  0  0  0  0  0
   10.6448   -4.0684    0.0000 O   0  0  0  0  0  0  0  0  0  0  0
   12.3768   -3.0684    0.0000 C   0  0  0  0  0  0  0  0  0  0  0
   12.0108   -4.4345    0.0000 O   0  0  0  0  0  0  0  0  0  0  0
    9.5108   -1.8364    0.0000 C   0  0  0  0  0  0  0  0  0  0  0
  1  2  2  0
  2  3  1  0
  2 19  1  0
  3  4  1  0
  3 18  1  0
  4  5  1  0
  5  6  1  0
  6  7  1  0
  6 17  1  0
  7  8  2  0
  7 12  1  0
  8  9  1  0
  9 10  2  0
 10 11  1  0
 11 12  2  0
 12 13  1  0
 13 14  1  0
 14 15  1  0
 14 16  1  0
 17 18  1  0
 19 20  1  0
 19 21  2  0
 20 23  1  0
 21 22  1  0
 22 23  2  0
 22 32  1  0
 23 24  1  0
 24 25  2  0
 25 26  1  0
 26 27  1  0
 26 32  2  0
 27 28  1  0
 28 29  2  0
 28 30  1  0
 28 31  2  0
M  END

> <StdInChI>
InChI=1S/C22H28N6O3S/c1-15(2)24-19-5-4-8-23-21(19)27-9-11-28(12-10-27)22(29)20-14-16-13-17(26-32(3,30)31)6-7-18(16)25-20/h4-8,13-15,24-26H,9-12H2,1-3H3

> <StdInChIKey>
WHBIGIKBNXZKFE-UHFFFAOYSA-N

> <AuxInfo>
1/0/N:15,16,30,10,11,25,24,9,5,17,4,18,32,21,14,22,26,23,12,19,7,2,8,13,20,27,6,3,1,29,31,28/E:(1,2)(9,10)(11,12)(30,31)/CRV:32.6/rA:32nOCNCCNCNCCCCNCCCCCCNCCCCCCNSOCOC/rB:d1;s2;s3;s4;s5;s6;d7;s8;d9;s10;s7d11;s12;s13;s14;s14;s6;s3s17;s2;s19;d19;s21;s20d22;s23;d24;s25;s26;s27;d28;s28;d28;s22d26;/rC:6.0622,0,0;6.0622,-1,0;5.1961,-1.5,0;5.1961,-2.5,0;4.3301,-3,0;3.4641,-2.5,0;2.5981,-3,0;2.5981,-4,0;1.7321,-4.5,0;.866,-4,0;.866,-3,0;1.7321,-2.5,0;1.7321,-1.5,0;.866,-1,0;0,-1.5,0;.866,0,0;3.4641,-1.5,0;4.3301,-1,0;6.9282,-1.5,0;7.0327,-2.4945,0;7.8417,-1.0932,0;8.5109,-1.8364,0;8.0109,-2.7024,0;8.5109,-3.5684,0;9.5108,-3.5684,0;10.0108,-2.7024,0;11.0108,-2.7024,0;11.5108,-3.5684,0;10.6448,-4.0684,0;12.3768,-3.0684,0;12.0108,-4.4345,0;9.5108,-1.8364,0;

> <Formula>
C22 H28 N6 O3 S

> <Mw>
456.5611

> <SMILES>
O=C(C1=CC2C=C(NS(=O)(C)=O)C=CC=2N1)N1CCN(C2C(NC(C)C)=CC=CN=2)CC1

> <CSID>
5423

$$$$
