Didanosine
  Marvin  12300706533D          

 29 31  0  0  1  0            999 V2000
    0.4302    1.0157    0.8665 O   0  0  0  0  0  0  0  0  0  0  0  0
   -1.2727    2.6823    2.4966 O   0  0  0  0  0  0  0  0  0  0  0  0
    0.0849   -5.3221    0.0960 O   0  0  0  0  0  0  0  0  0  0  0  0
    1.2663   -0.9848   -0.0897 N   0  0  0  0  0  0  0  0  0  0  0  0
   -1.1163   -1.6050   -0.1726 N   0  0  0  0  0  0  0  0  0  0  0  0
    2.0271   -3.0932    0.0649 N   0  0  0  0  0  0  0  0  0  0  0  0
   -1.5255   -3.8316    0.0045 N   0  0  0  0  0  0  0  0  0  0  0  0
    1.2611    0.4501   -0.1530 C   0  0  1  0  0  0  0  0  0  0  0  0
    0.6794    1.0401   -1.4516 C   0  0  0  0  0  0  0  0  0  0  0  0
    0.2539    2.4565   -1.0323 C   0  0  0  0  0  0  0  0  0  0  0  0
    0.1359    2.3741    0.5098 C   0  0  1  0  0  0  0  0  0  0  0  0
   -1.2448    2.7751    1.0768 C   0  0  0  0  0  0  0  0  0  0  0  0
    0.2063   -1.8159   -0.0978 C   0  0  0  0  0  0  0  0  0  0  0  0
    2.3501   -1.7879    0.0072 C   0  0  0  0  0  0  0  0  0  0  0  0
    0.6904   -3.1234    0.0061 C   0  0  0  0  0  0  0  0  0  0  0  0
   -0.2484   -4.1502    0.0372 C   0  0  0  0  0  0  0  0  0  0  0  0
   -1.9590   -2.6121   -0.0934 C   0  0  0  0  0  0  0  0  0  0  0  0
    2.2802    0.8354   -0.0166 H   0  0  0  0  0  0  0  0  0  0  0  0
    1.4104    1.0433   -2.2636 H   0  0  0  0  0  0  0  0  0  0  0  0
   -0.1988    0.4805   -1.7828 H   0  0  0  0  0  0  0  0  0  0  0  0
    1.0181    3.1840   -1.3204 H   0  0  0  0  0  0  0  0  0  0  0  0
   -0.6779    2.7424   -1.5280 H   0  0  0  0  0  0  0  0  0  0  0  0
    0.8945    3.0184    0.9682 H   0  0  0  0  0  0  0  0  0  0  0  0
   -1.4807    3.8045    0.7991 H   0  0  0  0  0  0  0  0  0  0  0  0
   -2.0217    2.1207    0.6761 H   0  0  0  0  0  0  0  0  0  0  0  0
    3.3184   -1.4619    0.0379 H   0  0  0  0  0  0  0  0  0  0  0  0
   -1.4435   -0.7364   -0.2855 H   0  0  0  0  0  0  0  0  0  0  0  0
   -2.1841    2.9428    2.7483 H   0  0  0  0  0  0  0  0  0  0  0  0
   -2.9338   -2.4411   -0.1078 H   0  0  0  0  0  0  0  0  0  0  0  0
  1  8  1  0  0  0  0
  1 11  1  0  0  0  0
  2 12  1  0  0  0  0
  2 28  1  0  0  0  0
  3 16  2  0  0  0  0
  8  4  1  0  0  0  0
  4 13  1  0  0  0  0
  4 14  1  0  0  0  0
  5 13  1  0  0  0  0
  5 17  1  0  0  0  0
  5 27  1  0  0  0  0
  6 14  2  0  0  0  0
  6 15  1  0  0  0  0
  7 16  1  0  0  0  0
  7 17  2  0  0  0  0
  8  9  1  0  0  0  0
  8 18  1  0  0  0  0
  9 10  1  0  0  0  0
  9 19  1  0  0  0  0
  9 20  1  0  0  0  0
 10 11  1  0  0  0  0
 10 21  1  0  0  0  0
 10 22  1  0  0  0  0
 11 12  1  0  0  0  0
 11 23  1  0  0  0  0
 12 24  1  0  0  0  0
 12 25  1  0  0  0  0
 13 15  2  0  0  0  0
 14 26  1  0  0  0  0
 15 16  1  0  0  0  0
 17 29  1  0  0  0  0
M  END

> <PUBCHEM_BONDANNOTATIONS>
11  12  6
13  15  8
15  16  8
4  13  8
4  14  8
8  4  6
5  13  8
5  17  8
6  14  8
6  15  8
7  16  8
7  17  8

> <StdInChI>
InChI=1S/C10H12N4O3/c15-3-6-1-2-7(17-6)14-5-13-8-9(14)11-4-12-10(8)16/h4-7,15H,1-3H2,(H,11,12,16)/t6-,7+/m0/s1

> <StdInChIKey>
BXZVVICBKDXVGW-NKWVEPMBSA-N

> <AuxInfo>
1/1/N:10,9,12,17,14,11,8,15,13,16,5,7,6,4,2,3,1/it:im/rA:29cOOONNNNCCCCCCCCCCHHHHHHHHHHHH/rB:;;;;;;s1s4;s8;s9;s1s10;s2s11;s4s5;s4d6;s6d13;d3s7s15;s5d7;s8;s9;s9;s10;s10;s11;s12;s12;s14;s5;s2;s17;/rC:.4302,1.0157,.8665;-1.2727,2.6823,2.4966;.0849,-5.3221,.096;1.2663,-.9848,-.0897;-1.1163,-1.605,-.1726;2.0271,-3.0932,.0649;-1.5255,-3.8316,.0045;1.2611,.4501,-.153;.6794,1.0401,-1.4516;.2539,2.4565,-1.0323;.1359,2.3741,.5098;-1.2448,2.7751,1.0768;.2063,-1.8159,-.0978;2.3501,-1.7879,.0072;.6904,-3.1234,.0061;-.2484,-4.1502,.0372;-1.959,-2.6121,-.0934;2.2802,.8354,-.0166;1.4104,1.0433,-2.2636;-.1988,.4805,-1.7828;1.0181,3.184,-1.3204;-.6779,2.7424,-1.528;.8945,3.0184,.9682;-1.4807,3.8045,.7991;-2.0217,2.1207,.6761;3.3184,-1.4619,.0379;-1.4435,-.7364,-.2855;-2.1841,2.9428,2.7483;-2.9338,-2.4411,-.1078;

> <Formula>
C10 H12 N4 O3

> <Mw>
236.2273

> <SMILES>
O1[C@]([H])(C([H])([H])O[H])C([H])([H])C([H])([H])[C@]1([H])N1C([H])=NC2C(N=C([H])N([H])C1=2)=O

> <CSID>
45864

$$$$
