Docosanol


 23 22  0  0000  0  0  0  0  0999 V2000
    0.0000    0.0000    0.0000 C   0  0  0  0  0  0  0  0  0  0  0
    1.1429   -0.6604    0.0000 C   0  0  0  0  0  0  0  0  0  0  0
    2.3112    0.0000    0.0000 C   0  0  0  0  0  0  0  0  0  0  0
    3.4542   -0.6604    0.0000 C   0  0  0  0  0  0  0  0  0  0  0
    4.6225    0.0000    0.0000 C   0  0  0  0  0  0  0  0  0  0  0
    5.7654   -0.6604    0.0000 C   0  0  0  0  0  0  0  0  0  0  0
    6.9337    0.0000    0.0000 C   0  0  0  0  0  0  0  0  0  0  0
    8.0766   -0.6604    0.0000 C   0  0  0  0  0  0  0  0  0  0  0
    9.2450    0.0000    0.0000 C   0  0  0  0  0  0  0  0  0  0  0
   10.3879   -0.6604    0.0000 C   0  0  0  0  0  0  0  0  0  0  0
   11.5562    0.0000    0.0000 C   0  0  0  0  0  0  0  0  0  0  0
   12.6991   -0.6604    0.0000 C   0  0  0  0  0  0  0  0  0  0  0
   13.8421    0.0000    0.0000 C   0  0  0  0  0  0  0  0  0  0  0
   15.0104   -0.6604    0.0000 C   0  0  0  0  0  0  0  0  0  0  0
   16.1533    0.0000    0.0000 C   0  0  0  0  0  0  0  0  0  0  0
   17.3216   -0.6604    0.0000 C   0  0  0  0  0  0  0  0  0  0  0
   18.4645    0.0000    0.0000 C   0  0  0  0  0  0  0  0  0  0  0
   19.6329   -0.6604    0.0000 C   0  0  0  0  0  0  0  0  0  0  0
   20.7758    0.0000    0.0000 C   0  0  0  0  0  0  0  0  0  0  0
   21.9441   -0.6604    0.0000 C   0  0  0  0  0  0  0  0  0  0  0
   23.0870    0.0000    0.0000 C   0  0  0  0  0  0  0  0  0  0  0
   24.2553   -0.6604    0.0000 C   0  0  0  0  0  0  0  0  0  0  0
   25.3983    0.0000    0.0000 O   0  0  0  0  0  0  0  0  0  0  0
  1  2  1  0
  2  3  1  0
  3  4  1  0
  4  5  1  0
  5  6  1  0
  6  7  1  0
  7  8  1  0
  8  9  1  0
  9 10  1  0
 10 11  1  0
 11 12  1  0
 12 13  1  0
 13 14  1  0
 14 15  1  0
 15 16  1  0
 16 17  1  0
 17 18  1  0
 18 19  1  0
 19 20  1  0
 20 21  1  0
 21 22  1  0
 22 23  1  0
M  END

> <StdInChI>
InChI=1S/C22H46O/c1-2-3-4-5-6-7-8-9-10-11-12-13-14-15-16-17-18-19-20-21-22-23/h23H,2-22H2,1H3

> <StdInChIKey>
NOPFSRXAKWQILS-UHFFFAOYSA-N

> <AuxInfo>
1/0/N:1,2,3,4,5,6,7,8,9,10,11,12,13,14,15,16,17,18,19,20,21,22,23/rA:23nCCCCCCCCCCCCCCCCCCCCCCO/rB:s1;s2;s3;s4;s5;s6;s7;s8;s9;s10;s11;s12;s13;s14;s15;s16;s17;s18;s19;s20;s21;s22;/rC:;1.1429,-.6604,0;2.3112,0,0;3.4542,-.6604,0;4.6225,0,0;5.7654,-.6604,0;6.9337,0,0;8.0766,-.6604,0;9.245,0,0;10.3879,-.6604,0;11.5562,0,0;12.6991,-.6604,0;13.8421,0,0;15.0104,-.6604,0;16.1533,0,0;17.3216,-.6604,0;18.4645,0,0;19.6329,-.6604,0;20.7758,0,0;21.9441,-.6604,0;23.087,0,0;24.2553,-.6604,0;25.3983,0,0;

> <Formula>
C22 H46 O

> <Mw>
326.6

> <SMILES>
CCCCCCCCCCCCCCCCCCCCCCO

> <CSID>
12100

$$$$
