Dolutegravir


 32 35  0  0001  0  0  0  0  0999 V2000
   10.3316   -4.0013    0.0000 F   0  0  0  0  0  0  0  0  0  0  0
   14.9301   -4.0013    0.0000 F   0  0  0  0  0  0  0  0  0  0  0
    1.1347   -1.3288    0.0000 O   0  0  0  0  0  0  0  0  0  0  0
    3.4638   -5.3301    0.0000 O   0  0  0  0  0  0  0  0  0  0  0
    5.7332   -5.3301    0.0000 O   0  0  0  0  0  0  0  0  0  0  0
    8.0623   -4.0013    0.0000 O   0  0  0  0  0  0  0  0  0  0  0
    8.0623    0.0000    0.0000 O   0  0  0  0  0  0  0  0  0  0  0
    2.2694   -3.3294    0.0000 N   0  0  0  0  0  0  0  0  0  0  0
    4.5985   -2.0006    0.0000 N   0  0  0  0  0  0  0  0  0  0  0
    9.1970   -2.0006    0.0000 N   0  0  0  0  0  0  0  0  0  0  0
    2.2694   -2.0006    0.0000 C   0  0  0  0  0  0  0  0  0  0  0
    4.5985   -3.3294    0.0000 C   0  0  0  0  0  0  0  0  0  0  0
    3.4638   -4.0013    0.0000 C   0  0  0  0  0  0  0  0  0  0  0
    1.1347   -4.0013    0.0000 C   0  0  0  0  0  0  0  0  0  0  0
    3.4638   -1.3288    0.0000 C   0  0  0  0  0  0  0  0  0  0  0
    5.7332   -4.0013    0.0000 C   0  0  0  0  0  0  0  0  0  0  0
    6.9276   -3.3294    0.0000 C   0  0  0  0  0  0  0  0  0  0  0
    6.9276   -2.0006    0.0000 C   0  0  0  0  0  0  0  0  0  0  0
    5.7332   -1.3288    0.0000 C   0  0  0  0  0  0  0  0  0  0  0
    0.0000   -3.3294    0.0000 C   0  0  0  0  0  0  0  0  0  0  0
    0.0000   -2.0006    0.0000 C   0  0  0  0  0  0  0  0  0  0  0
    8.0623   -1.3288    0.0000 C   0  0  0  0  0  0  0  0  0  0  0
    2.2694   -4.6582    0.0000 C   0  0  0  0  0  0  0  0  0  0  0
   10.3316   -1.3288    0.0000 C   0  0  0  0  0  0  0  0  0  0  0
   11.4663   -2.0006    0.0000 C   0  0  0  0  0  0  0  0  0  0  0
   11.4663   -3.3294    0.0000 C   0  0  0  0  0  0  0  0  0  0  0
   12.6010   -1.3288    0.0000 C   0  0  0  0  0  0  0  0  0  0  0
   12.6607   -4.0013    0.0000 C   0  0  0  0  0  0  0  0  0  0  0
   13.7954   -3.3294    0.0000 C   0  0  0  0  0  0  0  0  0  0  0
   13.7954   -2.0006    0.0000 C   0  0  0  0  0  0  0  0  0  0  0
    2.2694   -0.6719    0.0000 H   0  0  0  0  0  0  0  0  0  0  0
    0.0000   -4.6582    0.0000 H   0  0  0  0  0  0  0  0  0  0  0
  1 26  1  0
  2 29  1  0
  3 11  1  0
  3 21  1  0
  4 13  2  0
  5 16  1  0
  6 17  2  0
  7 22  2  0
  8 11  1  0
  8 13  1  0
  8 14  1  0
  9 12  1  0
  9 15  1  0
  9 19  1  0
 10 22  1  0
 10 24  1  0
 11 15  1  0
 11 31  1  6
 12 13  1  0
 12 16  2  0
 14 20  1  0
 14 23  1  6
 14 32  1  1
 16 17  1  0
 17 18  1  0
 18 19  2  0
 18 22  1  0
 20 21  1  0
 24 25  1  0
 25 26  1  0
 25 27  2  0
 26 28  2  0
 27 30  1  0
 28 29  1  0
 29 30  2  0
M  END

> <StdInChI>
InChI=1S/C20H19F2N3O5/c1-10-4-5-30-15-9-24-8-13(17(26)18(27)16(24)20(29)25(10)15)19(28)23-7-11-2-3-12(21)6-14(11)22/h2-3,6,8,10,15,27H,4-5,7,9H2,1H3,(H,23,28)/t10-,15+/m1/s1

> <StdInChIKey>
RHWKPHLQXYSBKR-BMIGLBTASA-N

> <AuxInfo>
1/1/N:23,27,30,20,21,28,24,19,15,14,25,29,18,26,11,12,17,16,22,13,2,1,10,9,8,6,5,7,4,3/it:im/rA:32cFFOOOOONNNCCCCCCCCCCCCCCCCCCCCHH/rB:;;;;;;;;;s3s8;s9;d4s8s12;s8;s9s11;s5d12;d6s16;s17;s9d18;s14;s3s20;d7s10s18;N14;s10;s24;s1s25;d25;d26;s2s28;s27d29;N11;P14;/rC:10.3316,-4.0013,0;14.9301,-4.0013,0;1.1347,-1.3288,0;3.4638,-5.3301,0;5.7332,-5.3301,0;8.0623,-4.0013,0;8.0623,0,0;2.2694,-3.3294,0;4.5985,-2.0006,0;9.197,-2.0006,0;2.2694,-2.0006,0;4.5985,-3.3294,0;3.4638,-4.0013,0;1.1347,-4.0013,0;3.4638,-1.3288,0;5.7332,-4.0013,0;6.9276,-3.3294,0;6.9276,-2.0006,0;5.7332,-1.3288,0;0,-3.3294,0;0,-2.0006,0;8.0623,-1.3288,0;2.2694,-4.6582,0;10.3316,-1.3288,0;11.4663,-2.0006,0;11.4663,-3.3294,0;12.601,-1.3288,0;12.6607,-4.0013,0;13.7954,-3.3294,0;13.7954,-2.0006,0;2.2694,-.6719,0;0,-4.6582,0;

> <Formula>
C20 H19 F2 N3 O5

> <Mw>
419.3788

> <SMILES>
FC1=CC(=CC=C1CNC(C1=CN2C[C@@]3([H])N([C@]([H])(C)CCO3)C(C2=C(C1=O)O)=O)=O)F

> <CSID>
25051637

$$$$
