Edoxudine


 18 19  0  0001  0  0  0  0  0999 V2000
    3.3299   -3.0940    0.0000 O   0  0  0  0  0  0  0  0  0  0  0
    6.4145   -5.6410    0.0000 O   0  0  0  0  0  0  0  0  0  0  0
    1.8772   -6.2258    0.0000 O   0  0  0  0  0  0  0  0  0  0  0
    9.4331   -2.1885    0.0000 O   0  0  0  0  0  0  0  0  0  0  0
    0.0000   -4.3675    0.0000 O   0  0  0  0  0  0  0  0  0  0  0
    5.6598   -3.4808    0.0000 N   0  0  0  0  0  0  0  0  0  0  0
    7.9332   -3.9242    0.0000 N   0  0  0  0  0  0  0  0  0  0  0
    4.4052   -3.8770    0.0000 C   0  0  0  0  0  0  0  0  0  0  0
    6.6692   -4.3486    0.0000 C   0  0  0  0  0  0  0  0  0  0  0
    2.2545   -3.8770    0.0000 C   0  0  0  0  0  0  0  0  0  0  0
    2.6601   -5.1505    0.0000 C   0  0  0  0  0  0  0  0  0  0  0
    3.9902   -5.1505    0.0000 C   0  0  0  0  0  0  0  0  0  0  0
    5.9240   -2.1602    0.0000 C   0  0  0  0  0  0  0  0  0  0  0
    7.1786   -1.7357    0.0000 C   0  0  0  0  0  0  0  0  0  0  0
    8.1879   -2.6130    0.0000 C   0  0  0  0  0  0  0  0  0  0  0
    0.9905   -3.4714    0.0000 C   0  0  0  0  0  0  0  0  0  0  0
    7.4427   -0.4245    0.0000 C   0  0  0  0  0  0  0  0  0  0  0
    8.6879    0.0000    0.0000 C   0  0  0  0  0  0  0  0  0  0  0
  1  8  1  0
  1 10  1  0
  2  9  2  0
 11  3  1  6
  4 15  2  0
  5 16  1  0
  8  6  1  1
  6  9  1  0
  6 13  1  0
  7  9  1  0
  7 15  1  0
  8 12  1  0
 10 11  1  0
 10 16  1  1
 11 12  1  0
 13 14  2  0
 14 15  1  0
 14 17  1  0
 17 18  1  0
M  END

> <StdInChI>
InChI=1S/C11H16N2O5/c1-2-6-4-13(11(17)12-10(6)16)9-3-7(15)8(5-14)18-9/h4,7-9,14-15H,2-3,5H2,1H3,(H,12,16,17)/t7-,8+,9+/m0/s1

> <StdInChIKey>
XACKNLSZYYIACO-DJLDLDEBSA-N

> <AuxInfo>
1/1/N:18,17,12,13,16,14,11,10,8,15,9,7,6,5,3,4,2,1/it:im/rA:18cOOOOONNCCCCCCCCCCC/rB:;;;;;;s1p6;d2s6s7;s1;n3s10;s8s11;s6;d13;d4s7s14;s5P10;s14;s17;/rC:3.3299,-3.094,0;6.4145,-5.641,0;1.8772,-6.2258,0;9.4331,-2.1885,0;0,-4.3675,0;5.6598,-3.4808,0;7.9332,-3.9242,0;4.4052,-3.877,0;6.6692,-4.3486,0;2.2545,-3.877,0;2.6601,-5.1505,0;3.9902,-5.1505,0;5.924,-2.1602,0;7.1786,-1.7357,0;8.1879,-2.613,0;.9905,-3.4714,0;7.4427,-.4245,0;8.6879,0,0;

> <Formula>
C11 H16 N2 O5

> <Mw>
256.2552

> <SMILES>
O1[C@H](CO)[C@H](C[C@@H]1N1C=C(CC)C(NC1=O)=O)O

> <CSID>
59752

$$$$
