Efavirenz


 21 23  0  0001  0  0  0  0  0999 V2000
    0.8455   -7.4462    0.0000 O   0  0  0  0  0  0  0  0  0  0  0
    1.9934   -6.7792    0.0000 C   0  0  0  0  0  0  0  0  0  0  0
    3.1491   -7.4462    0.0000 N   0  0  0  0  0  0  0  0  0  0  0
    4.2971   -6.7792    0.0000 C   0  0  0  0  0  0  0  0  0  0  0
    5.4528   -7.4462    0.0000 C   0  0  0  0  0  0  0  0  0  0  0
    6.6008   -6.7792    0.0000 C   0  0  0  0  0  0  0  0  0  0  0
    6.6008   -5.4528    0.0000 C   0  0  0  0  0  0  0  0  0  0  0
    7.7565   -4.7857    0.0000 Cl  0  0  0  0  0  0  0  0  0  0  0
    5.4528   -4.7857    0.0000 C   0  0  0  0  0  0  0  0  0  0  0
    4.2971   -5.4528    0.0000 C   0  0  0  0  0  0  0  0  0  0  0
    3.1491   -4.7857    0.0000 C   0  0  0  0  0  0  0  0  0  0  0
    3.8162   -3.6300    0.0000 C   0  0  0  0  0  0  0  0  0  0  0
    4.9641   -4.2971    0.0000 F   0  0  0  0  0  0  0  0  0  0  0
    2.6605   -2.9707    0.0000 F   0  0  0  0  0  0  0  0  0  0  0
    4.4755   -2.4821    0.0000 F   0  0  0  0  0  0  0  0  0  0  0
    2.4821   -3.6300    0.0000 C   0  0  0  0  0  0  0  0  0  0  0
    1.8150   -2.4821    0.0000 C   0  0  0  0  0  0  0  0  0  0  0
    1.1557   -1.3264    0.0000 C   0  0  0  0  0  0  0  0  0  0  0
    1.1557    0.0000    0.0000 C   0  0  0  0  0  0  0  0  0  0  0
    0.0000   -0.6671    0.0000 C   0  0  0  0  0  0  0  0  0  0  0
    1.9934   -5.4528    0.0000 O   0  0  0  0  0  0  0  0  0  0  0
  1  2  2  0
  2  3  1  0
  2 21  1  0
  3  4  1  0
  4  5  1  0
  4 10  2  0
  5  6  2  0
  6  7  1  0
  7  8  1  0
  7  9  2  0
  9 10  1  0
 10 11  1  0
 11 12  1  0
 11 16  1  1
 11 21  1  0
 12 13  1  0
 12 14  1  0
 12 15  1  0
 16 17  3  0
 17 18  1  0
 18 19  1  0
 18 20  1  0
 19 20  1  0
M  END

> <StdInChI>
InChI=1S/C14H9ClF3NO2/c15-9-3-4-11-10(7-9)13(14(16,17)18,21-12(20)19-11)6-5-8-1-2-8/h3-4,7-8H,1-2H2,(H,19,20)/t13-/m0/s1

> <StdInChIKey>
XPOQHMRABVBWPR-ZDUSSCGKSA-N

> <AuxInfo>
1/1/N:19,20,6,5,17,16,9,18,7,10,4,2,11,12,8,13,14,15,3,1,21/E:(1,2)(16,17,18)/it:im/rA:21cOCNCCCCClCCCCFFFCCCCCO/rB:d1;s2;s3;s4;d5;s6;s7;d7;d4s9;s10;s11;s12;s12;s12;P11;t16;s17;s18;s18s19;s2s11;/rC:.8455,-7.4462,0;1.9934,-6.7792,0;3.1491,-7.4462,0;4.2971,-6.7792,0;5.4528,-7.4462,0;6.6008,-6.7792,0;6.6008,-5.4528,0;7.7565,-4.7857,0;5.4528,-4.7857,0;4.2971,-5.4528,0;3.1491,-4.7857,0;3.8162,-3.63,0;4.9641,-4.2971,0;2.6605,-2.9707,0;4.4755,-2.4821,0;2.4821,-3.63,0;1.815,-2.4821,0;1.1557,-1.3264,0;1.1557,0,0;0,-.6671,0;1.9934,-5.4528,0;

> <Formula>
C14 H9 Cl F3 N O2

> <Mw>
315.675

> <SMILES>
O=C1O[C@](C#CC2CC2)(C(F)(F)F)C2C=C(Cl)C=CC=2N1

> <CSID>
57715

$$$$
