


 20 22  0  0001  0  0  0  0  0999 V2000
    3.0168   -2.3745    0.0000 C   0  0  0  0  0  0  0  0  0  0  0
    4.3519   -2.3745    0.0000 C   0  0  0  0  0  0  0  0  0  0  0
    5.1293   -3.4477    0.0000 C   0  0  0  0  0  0  0  0  0  0  0
    6.3969   -3.0421    0.0000 C   0  0  0  0  0  0  0  0  0  0  0
    6.3969   -1.7154    0.0000 C   0  0  0  0  0  0  0  0  0  0  0
    5.1293   -1.3013    0.0000 C   0  0  0  0  0  0  0  0  0  0  0
    4.1406   -0.4141    0.0000 C   0  0  0  0  0  0  0  0  0  0  0
    2.8731   -0.8197    0.0000 O   0  0  0  0  0  0  0  0  0  0  0
    6.9377   -0.4986    0.0000 O   0  0  0  0  0  0  0  0  0  0  0
    4.7153   -4.7153    0.0000 N   0  0  0  0  0  0  0  0  0  0  0
    5.5011   -5.7885    0.0000 C   0  0  0  0  0  0  0  0  0  0  0
    4.7153   -6.8701    0.0000 N   0  0  0  0  0  0  0  0  0  0  0
    3.4562   -6.4560    0.0000 C   0  0  0  0  0  0  0  0  0  0  0
    3.4562   -5.1293    0.0000 C   0  0  0  0  0  0  0  0  0  0  0
    2.3069   -4.4618    0.0000 N   0  0  0  0  0  0  0  0  0  0  0
    1.1492   -5.1293    0.0000 C   0  0  0  0  0  0  0  0  0  0  0
    1.1492   -6.4560    0.0000 N   0  0  0  0  0  0  0  0  0  0  0
    2.3069   -7.1236    0.0000 C   0  0  0  0  0  0  0  0  0  0  0
    2.3069   -8.4503    0.0000 O   0  0  0  0  0  0  0  0  0  0  0
    0.0000   -4.4618    0.0000 N   0  0  0  0  0  0  0  0  0  0  0
  1  2  2  0
  2  3  1  0
  2  6  1  0
  3  4  1  0
  3 10  1  6
  4  5  1  0
  5  6  1  0
  5  9  1  1
  6  7  1  6
  7  8  1  0
 10 11  1  0
 10 14  1  0
 11 12  2  0
 12 13  1  0
 13 14  2  0
 13 18  1  0
 14 15  1  0
 15 16  2  0
 16 17  1  0
 16 20  1  0
 17 18  1  0
 18 19  2  0
M  END

> <StdInChI>
InChI=1S/C12H15N5O3/c1-5-6(3-18)8(19)2-7(5)17-4-14-9-10(17)15-12(13)16-11(9)20/h4,6-8,18-19H,1-3H2,(H3,13,15,16,20)/t6-,7-,8-/m0/s1

> <StdInChIKey>
QDGZDCVAUDNJFG-FXQIFTODSA-N

> <AuxInfo>
1/1/N:1,5,10,14,2,8,3,6,16,17,21,19,23,15,18,20,13,11,12,22/it:im/rA:23cCCCHCCHCHCOONCNCCNCNCON/rB:d1;s2;s3;s3;s5;s6;s2s6;s8;N8;s10;P6;N3;s13;d14;s15;s13d16;s17;d18;s19;s16s20;d21;s19;/rC:3.0168,-2.3745,0;4.3519,-2.3745,0;5.1293,-3.4477,0;4.1406,-4.3435,0;6.3969,-3.0421,0;6.3969,-1.7154,0;7.7151,-1.5718,0;5.1293,-1.3013,0;5.4082,0,0;4.1406,-.4141,0;2.8731,-.8197,0;6.9377,-.4986,0;4.7153,-4.7153,0;5.5011,-5.7885,0;4.7153,-6.8701,0;3.4562,-6.456,0;3.4562,-5.1293,0;2.3069,-4.4618,0;1.1492,-5.1293,0;1.1492,-6.456,0;2.3069,-7.1236,0;2.3069,-8.4503,0;0,-4.4618,0;

> <Formula>
C12 H15 N5 O3

> <Mw>
277.2792

> <SMILES>
C=C1[C@@](CO)([H])[C@](O)([H])C[C@@]1(N1C2N=C(N)NC(=O)C=2N=C1)[H]

> <CSID>
135679

$$$$
