Famciclovir
  Marvin  12300703363D          

 42 43  0  0  0  0            999 V2000
    2.5358   -0.0789    2.3894 O   0  0  0  0  0  0  0  0  0  0  0  0
    1.5457   -2.8544   -0.6321 O   0  0  0  0  0  0  0  0  0  0  0  0
    3.4367    0.8790    4.0040 O   0  0  0  0  0  0  0  0  0  0  0  0
    2.0277   -4.8437   -1.0023 O   0  0  0  0  0  0  0  0  0  0  0  0
   -0.4328    2.4885   -1.2881 N   0  0  0  0  0  0  0  0  0  0  0  0
   -1.1922    4.5891   -1.2869 N   0  0  0  0  0  0  0  0  0  0  0  0
   -2.6416    1.3958   -1.1829 N   0  0  0  0  0  0  0  0  0  0  0  0
   -4.4539    2.8974   -1.1308 N   0  0  0  0  0  0  0  0  0  0  0  0
   -4.8097    0.6087   -1.0749 N   0  0  0  0  0  0  0  0  0  0  0  0
    1.6388   -0.5093    0.1422 C   0  0  1  0  0  0  0  0  0  0  0  0
    0.7867    0.8022    0.0876 C   0  0  0  0  0  0  0  0  0  0  0  0
    0.4587    1.3705   -1.3226 C   0  0  0  0  0  0  0  0  0  0  0  0
    1.9285   -0.9774    1.6004 C   0  0  0  0  0  0  0  0  0  0  0  0
    0.9458   -1.6567   -0.6538 C   0  0  0  0  0  0  0  0  0  0  0  0
   -1.7766    2.4419   -1.2308 C   0  0  0  0  0  0  0  0  0  0  0  0
   -0.1047    3.7970   -1.3189 C   0  0  0  0  0  0  0  0  0  0  0  0
   -2.2400    3.7564   -1.2332 C   0  0  0  0  0  0  0  0  0  0  0  0
   -3.6267    3.9767   -1.1837 C   0  0  0  0  0  0  0  0  0  0  0  0
    2.8921   -0.1309    3.5830 C   0  0  0  0  0  0  0  0  0  0  0  0
    1.2106   -3.9447   -1.1322 C   0  0  0  0  0  0  0  0  0  0  0  0
   -3.9822    1.6194   -1.1297 C   0  0  0  0  0  0  0  0  0  0  0  0
    2.7311   -1.2394    4.5071 C   0  0  0  0  0  0  0  0  0  0  0  0
   -0.0223   -4.2461   -1.8383 C   0  0  0  0  0  0  0  0  0  0  0  0
    2.6038   -0.3010   -0.3318 H   0  0  0  0  0  0  0  0  0  0  0  0
    1.3115    1.5903    0.6346 H   0  0  0  0  0  0  0  0  0  0  0  0
   -0.1547    0.6291    0.6169 H   0  0  0  0  0  0  0  0  0  0  0  0
    1.3918    1.6304   -1.8299 H   0  0  0  0  0  0  0  0  0  0  0  0
   -0.0202    0.6225   -1.9563 H   0  0  0  0  0  0  0  0  0  0  0  0
    0.9802   -1.2670    2.0639 H   0  0  0  0  0  0  0  0  0  0  0  0
    2.5729   -1.8613    1.5573 H   0  0  0  0  0  0  0  0  0  0  0  0
   -0.0713   -1.7600   -0.2616 H   0  0  0  0  0  0  0  0  0  0  0  0
    0.8938   -1.3821   -1.7089 H   0  0  0  0  0  0  0  0  0  0  0  0
    0.8512    4.1570   -1.3612 H   0  0  0  0  0  0  0  0  0  0  0  0
   -4.0101    4.9225   -1.1870 H   0  0  0  0  0  0  0  0  0  0  0  0
    2.1293   -0.9293    5.3632 H   0  0  0  0  0  0  0  0  0  0  0  0
    3.7059   -1.5741    4.8660 H   0  0  0  0  0  0  0  0  0  0  0  0
    2.2371   -2.1028    4.0604 H   0  0  0  0  0  0  0  0  0  0  0  0
   -0.5509   -5.0564   -1.3339 H   0  0  0  0  0  0  0  0  0  0  0  0
    0.1973   -4.5473   -2.8635 H   0  0  0  0  0  0  0  0  0  0  0  0
   -0.7101   -3.4013   -1.8926 H   0  0  0  0  0  0  0  0  0  0  0  0
   -4.4846   -0.2673   -1.1211 H   0  0  0  0  0  0  0  0  0  0  0  0
   -5.7288    0.7571   -0.9872 H   0  0  0  0  0  0  0  0  0  0  0  0
  1 13  1  0  0  0  0
  1 19  1  0  0  0  0
  2 14  1  0  0  0  0
  2 20  1  0  0  0  0
  3 19  2  0  0  0  0
  4 20  2  0  0  0  0
  5 12  1  0  0  0  0
  5 15  1  0  0  0  0
  5 16  1  0  0  0  0
  6 16  2  0  0  0  0
  6 17  1  0  0  0  0
  7 15  2  0  0  0  0
  7 21  1  0  0  0  0
  8 18  1  0  0  0  0
  8 21  2  0  0  0  0
  9 21  1  0  0  0  0
  9 41  1  0  0  0  0
  9 42  1  0  0  0  0
 10 11  1  0  0  0  0
 10 13  1  0  0  0  0
 10 14  1  0  0  0  0
 10 24  1  0  0  0  0
 11 12  1  0  0  0  0
 11 25  1  0  0  0  0
 11 26  1  0  0  0  0
 12 27  1  0  0  0  0
 12 28  1  0  0  0  0
 13 29  1  0  0  0  0
 13 30  1  0  0  0  0
 14 31  1  0  0  0  0
 14 32  1  0  0  0  0
 15 17  1  0  0  0  0
 16 33  1  0  0  0  0
 17 18  2  0  0  0  0
 18 34  1  0  0  0  0
 19 22  1  0  0  0  0
 20 23  1  0  0  0  0
 22 35  1  0  0  0  0
 22 36  1  0  0  0  0
 22 37  1  0  0  0  0
 23 38  1  0  0  0  0
 23 39  1  0  0  0  0
 23 40  1  0  0  0  0
M  END

> <PUBCHEM_BONDANNOTATIONS>
15  17  8
17  18  8
5  15  8
5  16  8
6  16  8
6  17  8
7  15  8
7  21  8
8  18  8
8  21  8

> <StdInChI>
InChI=1S/C14H19N5O4/c1-9(20)22-6-11(7-23-10(2)21)3-4-19-8-17-12-5-16-14(15)18-13(12)19/h5,8,11H,3-4,6-7H2,1-2H3,(H2,15,16,18)

> <StdInChIKey>
GGXKWVWZWMLJEH-UHFFFAOYSA-N

> <AuxInfo>
1/1/N:22,23,11,12,18,13,14,16,19,20,10,17,15,21,9,8,6,7,5,3,4,1,2/E:(1,2)(6,7)(9,10)(20,21)(22,23)/rA:42nOOOONNNNNCCCCCCCCCCCCCCHHHHHHHHHHHHHHHHHHH/rB:;;;;;;;;;s10;s5s11;s1s10;s2s10;s5d7;s5d6;s6s15;s8d17;s1d3;s2d4;s7d8s9;s19;s20;s10;s11;s11;s12;s12;s13;s13;s14;s14;s16;s18;s22;s22;s22;s23;s23;s23;s9;s9;/rC:2.5358,-.0789,2.3894;1.5457,-2.8544,-.6321;3.4367,.879,4.004;2.0277,-4.8437,-1.0023;-.4328,2.4885,-1.2881;-1.1922,4.5891,-1.2869;-2.6416,1.3958,-1.1829;-4.4539,2.8974,-1.1308;-4.8097,.6087,-1.0749;1.6388,-.5093,.1422;.7867,.8022,.0876;.4587,1.3705,-1.3226;1.9285,-.9774,1.6004;.9458,-1.6567,-.6538;-1.7766,2.4419,-1.2308;-.1047,3.797,-1.3189;-2.24,3.7564,-1.2332;-3.6267,3.9767,-1.1837;2.8921,-.1309,3.583;1.2106,-3.9447,-1.1322;-3.9822,1.6194,-1.1297;2.7311,-1.2394,4.5071;-.0223,-4.2461,-1.8383;2.6038,-.301,-.3318;1.3115,1.5903,.6346;-.1547,.6291,.6169;1.3918,1.6304,-1.8299;-.0202,.6225,-1.9563;.9802,-1.267,2.0639;2.5729,-1.8613,1.5573;-.0713,-1.76,-.2616;.8938,-1.3821,-1.7089;.8512,4.157,-1.3612;-4.0101,4.9225,-1.187;2.1293,-.9293,5.3632;3.7059,-1.5741,4.866;2.2371,-2.1028,4.0604;-.5509,-5.0564,-1.3339;.1973,-4.5473,-2.8635;-.7101,-3.4013,-1.8926;-4.4846,-.2673,-1.1211;-5.7288,.7571,-.9872;

> <Formula>
C14 H19 N5 O4

> <Mw>
321.3318

> <SMILES>
O(C(C([H])([H])[H])=O)C([H])([H])C([H])(C([H])([H])OC(C([H])([H])[H])=O)C([H])([H])C([H])([H])N1C([H])=NC2=C([H])N=C(N([H])[H])N=C12

> <CSID>
3207

$$$$
