Foscarnet
  Marvin  12300703363D          

 10  9  0  0  0  0            999 V2000
    0.4576   -0.0390   -0.1352 P   0  0  1  0  0  0  0  0  0  0  0  0
    1.0077   -1.3708   -0.1327 O   0  0  0  0  0  0  0  0  0  0  0  0
    0.9832    0.6333    1.0252 O   0  0  0  0  0  0  0  0  0  0  0  0
    0.9501    0.6418   -1.3059 O   0  0  0  0  0  0  0  0  0  0  0  0
   -1.7099    1.0196   -0.1171 O   0  0  0  0  0  0  0  0  0  0  0  0
   -1.7335   -1.0863   -0.1152 O   0  0  0  0  0  0  0  0  0  0  0  0
   -1.1003   -0.0406   -0.1201 C   0  0  0  0  0  0  0  0  0  0  0  0
    1.8804   -1.4798   -0.1192 H   0  0  0  0  0  0  0  0  0  0  0  0
    1.8551    0.6875    1.1349 H   0  0  0  0  0  0  0  0  0  0  0  0
   -2.5903    1.0344   -0.1148 H   0  0  0  0  0  0  0  0  0  0  0  0
  1  2  1  0  0  0  0
  1  3  1  0  0  0  0
  1  4  2  0  0  0  0
  1  7  1  0  0  0  0
  2  8  1  0  0  0  0
  3  9  1  0  0  0  0
  5  7  1  0  0  0  0
  5 10  1  0  0  0  0
  6  7  2  0  0  0  0
M  END

> <StdInChI>
InChI=1S/CH3O5P/c2-1(3)7(4,5)6/h(H,2,3)(H2,4,5,6)

> <StdInChIKey>
ZJAOAACCNHFJAH-UHFFFAOYSA-N

> <AuxInfo>
1/1/N:7,5,6,2,3,4,1/E:(2,3)(4,5,6)/rA:10nPOOOOOCHHH/rB:s1;s1;d1;;;s1s5d6;s2;s3;s5;/rC:.4576,-.039,-.1352;1.0077,-1.3708,-.1327;.9832,.6333,1.0252;.9501,.6418,-1.3059;-1.7099,1.0196,-.1171;-1.7335,-1.0863,-.1152;-1.1003,-.0406,-.1201;1.8804,-1.4798,-.1192;1.8551,.6875,1.1349;-2.5903,1.0344,-.1148;

> <Formula>
C H3 O5 P

> <Mw>
126.0053

> <SMILES>
P(C(=O)O[H])(=O)(O[H])O[H]

> <CSID>
3297

$$$$
