Ibacitabine
  Marvin  12310715543D          

 29 30  0  0  1  0            999 V2000
    3.4079    4.1464    0.5089 I   0  0  0  0  0  0  0  0  0  0  0  0
    0.1612   -0.9584   -0.7974 O   0  0  0  0  0  0  0  0  0  0  0  0
   -0.8691   -3.4340    1.5669 O   0  0  0  0  0  0  0  0  0  0  0  0
   -0.1475   -2.8921   -2.9008 O   0  0  0  0  0  0  0  0  0  0  0  0
   -1.7062    1.2132   -0.1489 O   0  0  0  0  0  0  0  0  0  0  0  0
    0.5194    1.0679    0.3231 N   0  0  0  0  0  0  0  0  0  0  0  0
   -0.6206    3.0433   -0.0076 N   0  0  0  0  0  0  0  0  0  0  0  0
    0.3333    5.0274    0.0798 N   0  0  0  0  0  0  0  0  0  0  0  0
   -0.9496   -2.2319    0.8039 C   0  0  1  0  0  0  0  0  0  0  0  0
   -0.3218   -1.0189    1.5234 C   0  0  0  0  0  0  0  0  0  0  0  0
    0.5619   -0.3505    0.4376 C   0  0  1  0  0  0  0  0  0  0  0  0
   -0.1676   -2.3241   -0.5242 C   0  0  1  0  0  0  0  0  0  0  0  0
   -0.9334   -2.9411   -1.7148 C   0  0  0  0  0  0  0  0  0  0  0  0
    1.6433    1.7897    0.4479 C   0  0  0  0  0  0  0  0  0  0  0  0
   -0.6165    1.7329    0.0567 C   0  0  0  0  0  0  0  0  0  0  0  0
    1.6543    3.1366    0.3601 C   0  0  0  0  0  0  0  0  0  0  0  0
    0.4512    3.7532    0.1422 C   0  0  0  0  0  0  0  0  0  0  0  0
   -2.0069   -2.0275    0.6091 H   0  0  0  0  0  0  0  0  0  0  0  0
   -1.1027   -0.3588    1.9088 H   0  0  0  0  0  0  0  0  0  0  0  0
    0.2830   -1.3245    2.3821 H   0  0  0  0  0  0  0  0  0  0  0  0
    1.5829   -0.7192    0.6164 H   0  0  0  0  0  0  0  0  0  0  0  0
    0.7561   -2.8986   -0.3810 H   0  0  0  0  0  0  0  0  0  0  0  0
   -1.1783   -3.9842   -1.5055 H   0  0  0  0  0  0  0  0  0  0  0  0
   -1.8599   -2.3941   -1.8996 H   0  0  0  0  0  0  0  0  0  0  0  0
   -1.2589   -4.1288    0.9956 H   0  0  0  0  0  0  0  0  0  0  0  0
    2.5228    1.3519    0.6000 H   0  0  0  0  0  0  0  0  0  0  0  0
   -0.7195   -3.2707   -3.6012 H   0  0  0  0  0  0  0  0  0  0  0  0
   -0.4663    5.4162   -0.2098 H   0  0  0  0  0  0  0  0  0  0  0  0
    1.0473    5.5787    0.3285 H   0  0  0  0  0  0  0  0  0  0  0  0
  1 16  1  0  0  0  0
  2 11  1  0  0  0  0
  2 12  1  0  0  0  0
  9  3  1  0  0  0  0
  3 25  1  0  0  0  0
  4 13  1  0  0  0  0
  4 27  1  0  0  0  0
  5 15  2  0  0  0  0
 11  6  1  0  0  0  0
  6 14  1  0  0  0  0
  6 15  1  0  0  0  0
  7 15  1  0  0  0  0
  7 17  2  0  0  0  0
  8 17  1  0  0  0  0
  8 28  1  0  0  0  0
  8 29  1  0  0  0  0
  9 10  1  0  0  0  0
  9 12  1  0  0  0  0
  9 18  1  0  0  0  0
 10 11  1  0  0  0  0
 10 19  1  0  0  0  0
 10 20  1  0  0  0  0
 11 21  1  0  0  0  0
 12 13  1  0  0  0  0
 12 22  1  0  0  0  0
 13 23  1  0  0  0  0
 13 24  1  0  0  0  0
 14 16  2  0  0  0  0
 14 26  1  0  0  0  0
 16 17  1  0  0  0  0
M  END

> <PUBCHEM_BONDANNOTATIONS>
12  13  6
14  16  8
16  17  8
9  3  5
11  6  6
6  14  8
6  15  8
7  15  8
7  17  8

> <StdInChI>
InChI=1S/C9H12IN3O4/c10-4-2-13(9(16)12-8(4)11)7-1-5(15)6(3-14)17-7/h2,5-7,14-15H,1,3H2,(H2,11,12,16)/t5-,6+,7+/m0/s1

> <StdInChIKey>
WEVJJMPVVFNAHZ-RRKCRQDMSA-N

> <AuxInfo>
1/1/N:10,14,13,16,9,12,11,17,15,1,8,7,6,4,3,5,2/it:im/rA:29cIOOOONNNCCCCCCCCCHHHHHHHHHHHH/rB:;;;;;;;s3;s9;s2s6s10;s2s9;s4s12;s6;d5s6s7;s1d14;d7s8s16;s9;s10;s10;s11;s12;s13;s13;s3;s14;s4;s8;s8;/rC:3.4079,4.1464,.5089;.1612,-.9584,-.7974;-.8691,-3.434,1.5669;-.1475,-2.8921,-2.9008;-1.7062,1.2132,-.1489;.5194,1.0679,.3231;-.6206,3.0433,-.0076;.3333,5.0274,.0798;-.9496,-2.2319,.8039;-.3218,-1.0189,1.5234;.5619,-.3505,.4376;-.1676,-2.3241,-.5242;-.9334,-2.9411,-1.7148;1.6433,1.7897,.4479;-.6165,1.7329,.0567;1.6543,3.1366,.3601;.4512,3.7532,.1422;-2.0069,-2.0275,.6091;-1.1027,-.3588,1.9088;.283,-1.3245,2.3821;1.5829,-.7192,.6164;.7561,-2.8986,-.381;-1.1783,-3.9842,-1.5055;-1.8599,-2.3941,-1.8996;-1.2589,-4.1288,.9956;2.5228,1.3519,.6;-.7195,-3.2707,-3.6012;-.4663,5.4162,-.2098;1.0473,5.5787,.3285;

> <Formula>
C9 H12 I N3 O4

> <Mw>
353.1138

> <SMILES>
IC1C(N([H])[H])=NC(N(C=1[H])[C@@]1([H])C([H])([H])[C@@]([H])([C@@]([H])(C([H])([H])O[H])O1)O[H])=O

> <CSID>
58561

$$$$
