Idoxuridine
  Marvin  12300703363D          

 28 29  0  0  1  0            999 V2000
    2.2069    5.1521   -0.7326 I   0  0  0  0  0  0  0  0  0  0  0  0
   -0.6930   -0.1123    0.8109 O   0  0  0  0  0  0  0  0  0  0  0  0
   -2.4321   -2.2100   -1.4954 O   0  0  0  0  0  0  0  0  0  0  0  0
   -2.3225   -1.1822    2.9482 O   0  0  0  0  0  0  0  0  0  0  0  0
    2.1319   -0.7071    0.1893 O   0  0  0  0  0  0  0  0  0  0  0  0
    4.3892    2.9260   -0.1632 O   0  0  0  0  0  0  0  0  0  0  0  0
    0.9188    1.1344   -0.3780 N   0  0  0  0  0  0  0  0  0  0  0  0
    3.2143    1.1018   -0.1423 N   0  0  0  0  0  0  0  0  0  0  0  0
   -1.3244   -1.7492   -0.7246 C   0  0  1  0  0  0  0  0  0  0  0  0
   -0.3398    0.4710   -0.4514 C   0  0  1  0  0  0  0  0  0  0  0  0
   -0.4822   -0.6907   -1.4690 C   0  0  0  0  0  0  0  0  0  0  0  0
   -1.7620   -1.0370    0.5742 C   0  0  1  0  0  0  0  0  0  0  0  0
   -1.9823   -1.9510    1.7995 C   0  0  0  0  0  0  0  0  0  0  0  0
    2.0597    0.4781   -0.1133 C   0  0  0  0  0  0  0  0  0  0  0  0
    0.9958    2.4632   -0.5534 C   0  0  0  0  0  0  0  0  0  0  0  0
    2.1624    3.1389   -0.4951 C   0  0  0  0  0  0  0  0  0  0  0  0
    3.2897    2.4028   -0.2678 C   0  0  0  0  0  0  0  0  0  0  0  0
   -0.6961   -2.6144   -0.4909 H   0  0  0  0  0  0  0  0  0  0  0  0
   -1.1561    1.1717   -0.6831 H   0  0  0  0  0  0  0  0  0  0  0  0
    0.4770   -1.1212   -1.7657 H   0  0  0  0  0  0  0  0  0  0  0  0
   -0.9657   -0.3458   -2.3868 H   0  0  0  0  0  0  0  0  0  0  0  0
   -2.6922   -0.4807    0.4027 H   0  0  0  0  0  0  0  0  0  0  0  0
   -2.7936   -2.6549    1.6031 H   0  0  0  0  0  0  0  0  0  0  0  0
   -1.0759   -2.5161    2.0245 H   0  0  0  0  0  0  0  0  0  0  0  0
   -2.9023   -2.8474   -0.9180 H   0  0  0  0  0  0  0  0  0  0  0  0
    0.1830    3.0088   -0.7278 H   0  0  0  0  0  0  0  0  0  0  0  0
    4.0050    0.6063   -0.0682 H   0  0  0  0  0  0  0  0  0  0  0  0
   -2.4135   -1.8350    3.6741 H   0  0  0  0  0  0  0  0  0  0  0  0
  1 16  1  0  0  0  0
  2 10  1  0  0  0  0
  2 12  1  0  0  0  0
  9  3  1  0  0  0  0
  3 25  1  0  0  0  0
  4 13  1  0  0  0  0
  4 28  1  0  0  0  0
  5 14  2  0  0  0  0
  6 17  2  0  0  0  0
 10  7  1  0  0  0  0
  7 14  1  0  0  0  0
  7 15  1  0  0  0  0
  8 14  1  0  0  0  0
  8 17  1  0  0  0  0
  8 27  1  0  0  0  0
  9 11  1  0  0  0  0
  9 12  1  0  0  0  0
  9 18  1  0  0  0  0
 10 11  1  0  0  0  0
 10 19  1  0  0  0  0
 11 20  1  0  0  0  0
 11 21  1  0  0  0  0
 12 13  1  0  0  0  0
 12 22  1  0  0  0  0
 13 23  1  0  0  0  0
 13 24  1  0  0  0  0
 15 16  2  0  0  0  0
 15 26  1  0  0  0  0
 16 17  1  0  0  0  0
M  END

> <PUBCHEM_BONDANNOTATIONS>
12  13  6
15  16  8
16  17  8
9  3  5
10  7  6
7  14  8
7  15  8
8  14  8
8  17  8

> <StdInChI>
InChI=1S/C9H11IN2O5/c10-4-2-12(9(16)11-8(4)15)7-1-5(14)6(3-13)17-7/h2,5-7,13-14H,1,3H2,(H,11,15,16)/t5-,6+,7+/m0/s1

> <StdInChIKey>
XQFRJNBWHJMXHO-RRKCRQDMSA-N

> <AuxInfo>
1/1/N:11,15,13,16,9,12,10,17,14,1,8,7,4,3,6,5,2/it:im/rA:28cIOOOOONNCCCCCCCCCHHHHHHHHHHH/rB:;;;;;;;s3;s2s7;s9s10;s2s9;s4s12;d5s7s8;s7;s1d15;d6s8s16;s9;s10;s11;s11;s12;s13;s13;s3;s15;s8;s4;/rC:2.2069,5.1521,-.7326;-.693,-.1123,.8109;-2.4321,-2.21,-1.4954;-2.3225,-1.1822,2.9482;2.1319,-.7071,.1893;4.3892,2.926,-.1632;.9188,1.1344,-.378;3.2143,1.1018,-.1423;-1.3244,-1.7492,-.7246;-.3398,.471,-.4514;-.4822,-.6907,-1.469;-1.762,-1.037,.5742;-1.9823,-1.951,1.7995;2.0597,.4781,-.1133;.9958,2.4632,-.5534;2.1624,3.1389,-.4951;3.2897,2.4028,-.2678;-.6961,-2.6144,-.4909;-1.1561,1.1717,-.6831;.477,-1.1212,-1.7657;-.9657,-.3458,-2.3868;-2.6922,-.4807,.4027;-2.7936,-2.6549,1.6031;-1.0759,-2.5161,2.0245;-2.9023,-2.8474,-.918;.183,3.0088,-.7278;4.005,.6063,-.0682;-2.4135,-1.835,3.6741;

> <Formula>
C9 H11 I N2 O5

> <Mw>
354.0985

> <SMILES>
IC1C(N([H])C(N(C=1[H])[C@@]1([H])C([H])([H])[C@@]([H])([C@@]([H])(C([H])([H])O[H])O1)O[H])=O)=O

> <CSID>
5694

$$$$
