Imiquimod
  Marvin  12310715543D          

 34 36  0  0  0  0            999 V2000
    1.0066    0.8743    0.5034 N   0  0  0  0  0  0  0  0  0  0  0  0
    0.2171    2.9657    0.4970 N   0  0  0  0  0  0  0  0  0  0  0  0
   -3.0540    1.3798    0.4704 N   0  0  0  0  0  0  0  0  0  0  0  0
   -2.6531    3.6333    0.4582 N   0  0  0  0  0  0  0  0  0  0  0  0
    2.0270   -0.1425    0.4453 C   0  0  0  0  0  0  0  0  0  0  0  0
    2.1951   -0.7722   -0.9733 C   0  0  2  0  0  0  0  0  0  0  0  0
   -0.3504    0.7802    0.5322 C   0  0  0  0  0  0  0  0  0  0  0  0
   -1.2984   -0.2824    0.5936 C   0  0  0  0  0  0  0  0  0  0  0  0
   -0.8086    2.1081    0.4992 C   0  0  0  0  0  0  0  0  0  0  0  0
    1.3071    2.1923    0.5064 C   0  0  0  0  0  0  0  0  0  0  0  0
    3.0254   -2.0836   -0.9460 C   0  0  0  0  0  0  0  0  0  0  0  0
    2.7955    0.2333   -1.9955 C   0  0  0  0  0  0  0  0  0  0  0  0
   -2.6813    0.0763    0.5383 C   0  0  0  0  0  0  0  0  0  0  0  0
   -2.1807    2.4116    0.4706 C   0  0  0  0  0  0  0  0  0  0  0  0
   -1.0017   -1.6594    0.7327 C   0  0  0  0  0  0  0  0  0  0  0  0
   -3.7019   -0.8944    0.5857 C   0  0  0  0  0  0  0  0  0  0  0  0
   -2.0174   -2.6291    0.8284 C   0  0  0  0  0  0  0  0  0  0  0  0
   -3.3665   -2.2473    0.7460 C   0  0  0  0  0  0  0  0  0  0  0  0
    3.0020    0.2544    0.7471 H   0  0  0  0  0  0  0  0  0  0  0  0
    1.8259   -0.8907    1.2115 H   0  0  0  0  0  0  0  0  0  0  0  0
    1.2034   -1.0476   -1.3448 H   0  0  0  0  0  0  0  0  0  0  0  0
    2.2518    2.5863    0.4987 H   0  0  0  0  0  0  0  0  0  0  0  0
    2.5551   -2.8275   -0.3003 H   0  0  0  0  0  0  0  0  0  0  0  0
    4.0385   -1.9026   -0.5810 H   0  0  0  0  0  0  0  0  0  0  0  0
    3.0970   -2.5214   -1.9446 H   0  0  0  0  0  0  0  0  0  0  0  0
    2.1695    1.1218   -2.0904 H   0  0  0  0  0  0  0  0  0  0  0  0
    3.7950    0.5524   -1.6910 H   0  0  0  0  0  0  0  0  0  0  0  0
    2.8718   -0.2120   -2.9896 H   0  0  0  0  0  0  0  0  0  0  0  0
   -0.0472   -2.0038    0.7843 H   0  0  0  0  0  0  0  0  0  0  0  0
   -4.6872   -0.6251    0.5202 H   0  0  0  0  0  0  0  0  0  0  0  0
   -1.7782   -3.6151    0.9607 H   0  0  0  0  0  0  0  0  0  0  0  0
   -4.1046   -2.9528    0.8087 H   0  0  0  0  0  0  0  0  0  0  0  0
   -3.5679    3.7769    0.3241 H   0  0  0  0  0  0  0  0  0  0  0  0
   -2.0849    4.3629    0.5937 H   0  0  0  0  0  0  0  0  0  0  0  0
  1  5  1  0  0  0  0
  1  7  1  0  0  0  0
  1 10  1  0  0  0  0
  2  9  1  0  0  0  0
  2 10  2  0  0  0  0
  3 13  1  0  0  0  0
  3 14  2  0  0  0  0
  4 14  1  0  0  0  0
  4 33  1  0  0  0  0
  4 34  1  0  0  0  0
  5  6  1  0  0  0  0
  5 19  1  0  0  0  0
  5 20  1  0  0  0  0
  6 11  1  0  0  0  0
  6 12  1  0  0  0  0
  6 21  1  0  0  0  0
  7  8  1  0  0  0  0
  7  9  2  0  0  0  0
  8 13  1  0  0  0  0
  8 15  2  0  0  0  0
  9 14  1  0  0  0  0
 10 22  1  0  0  0  0
 11 23  1  0  0  0  0
 11 24  1  0  0  0  0
 11 25  1  0  0  0  0
 12 26  1  0  0  0  0
 12 27  1  0  0  0  0
 12 28  1  0  0  0  0
 13 16  2  0  0  0  0
 15 17  1  0  0  0  0
 15 29  1  0  0  0  0
 16 18  1  0  0  0  0
 16 30  1  0  0  0  0
 17 18  2  0  0  0  0
 17 31  1  0  0  0  0
 18 32  1  0  0  0  0
M  END

> <PUBCHEM_BONDANNOTATIONS>
1  10  8
1  7  8
13  16  8
15  17  8
16  18  8
17  18  8
2  10  8
2  9  8
3  13  8
3  14  8
7  8  8
7  9  8
8  13  8
8  15  8
9  14  8

> <StdInChI>
InChI=1S/C14H16N4/c1-9(2)7-18-8-16-12-13(18)10-5-3-4-6-11(10)17-14(12)15/h3-6,8-9H,7H2,1-2H3,(H2,15,17)

> <StdInChIKey>
DOUYETYNHWVLEO-UHFFFAOYSA-N

> <AuxInfo>
1/1/N:11,12,17,18,15,16,5,10,6,8,13,9,7,14,4,2,3,1/E:(1,2)/rA:34nNNNNCCCCCCCCCCCCCCHHHHHHHHHHHHHHHH/rB:;;;s1;s5;s1;s7;s2d7;s1d2;s6;s6;s3s8;d3s4s9;d8;d13;s15;s16d17;s5;s5;s6;s10;s11;s11;s11;s12;s12;s12;s15;s16;s17;s18;s4;s4;/rC:1.0066,.8743,.5034;.2171,2.9657,.497;-3.054,1.3798,.4704;-2.6531,3.6333,.4582;2.027,-.1425,.4453;2.1951,-.7722,-.9733;-.3504,.7802,.5322;-1.2984,-.2824,.5936;-.8086,2.1081,.4992;1.3071,2.1923,.5064;3.0254,-2.0836,-.946;2.7955,.2333,-1.9955;-2.6813,.0763,.5383;-2.1807,2.4116,.4706;-1.0017,-1.6594,.7327;-3.7019,-.8944,.5857;-2.0174,-2.6291,.8284;-3.3665,-2.2473,.746;3.002,.2544,.7471;1.8259,-.8907,1.2115;1.2034,-1.0476,-1.3448;2.2518,2.5863,.4987;2.5551,-2.8275,-.3003;4.0385,-1.9026,-.581;3.097,-2.5214,-1.9446;2.1695,1.1218,-2.0904;3.795,.5524,-1.691;2.8718,-.212,-2.9896;-.0472,-2.0038,.7843;-4.6872,-.6251,.5202;-1.7782,-3.6151,.9607;-4.1046,-2.9528,.8087;-3.5679,3.7769,.3241;-2.0849,4.3629,.5937;

> <Formula>
C14 H16 N4

> <Mw>
240.3036

> <SMILES>
N1(C([H])=NC2C(N([H])[H])=NC3=C([H])C([H])=C([H])C([H])=C3C1=2)C([H])([H])C([H])(C([H])([H])[H])C([H])([H])[H]

> <CSID>
51809

$$$$
