Inosine pranobex
  1019              3D

 73 74  0  0  1  0  0  0  0  0999 V2000
    2.5169   -7.5081   -0.3355 C   0  0  0  0  0  0  0  0  0  0  0  0
    3.3465   -6.2232   -0.3793 C   0  0  0  0  0  0  0  0  0  0  0  0
    2.4671   -5.2139    0.3538 C   0  0  0  0  0  0  0  0  0  0  0  0
    1.1240   -5.6687    0.1333 O   0  0  0  0  0  0  0  0  0  0  0  0
    1.2122   -7.0931    0.3506 C   0  0  0  0  0  0  0  0  0  0  0  0
    2.6008   -3.8096    0.0234 N   0  0  0  0  0  0  0  0  0  0  0  0
    4.6060   -6.3574    0.2521 O   0  0  0  0  0  0  0  0  0  0  0  0
    3.1349   -8.5506    0.3980 O   0  0  0  0  0  0  0  0  0  0  0  0
   -0.0284   -7.8152   -0.1727 C   0  0  0  0  0  0  0  0  0  0  0  0
   -0.7980   -8.3950    0.8786 O   0  0  0  0  0  0  0  0  0  0  0  0
    4.1421   -1.6051   -2.9862 N   0  0  0  0  0  0  0  0  0  0  0  0
    3.7153   -2.8675   -3.2220 C   0  0  0  0  0  0  0  0  0  0  0  0
    3.9613   -1.1251   -1.7378 C   0  0  0  0  0  0  0  0  0  0  0  0
    3.1570   -3.7499   -2.3634 N   0  0  0  0  0  0  0  0  0  0  0  0
    3.3532   -1.9176   -0.7699 C   0  0  0  0  0  0  0  0  0  0  0  0
    3.0159   -3.2142   -1.1388 C   0  0  0  0  0  0  0  0  0  0  0  0
    3.0349   -1.6768    0.5387 N   0  0  0  0  0  0  0  0  0  0  0  0
    2.5583   -2.8191    0.9795 C   0  0  0  0  0  0  0  0  0  0  0  0
    4.4347    0.1325   -1.4526 O   0  0  0  0  0  0  0  0  0  0  0  0
    8.2686   -2.8193   -0.2463 C   0  0  0  0  0  0  0  0  0  0  0  0
    9.5597   -3.6339   -0.4174 C   0  0  0  0  0  0  0  0  0  0  0  0
    8.5721   -1.3691    0.1143 C   0  0  0  0  0  0  0  0  0  0  0  0
    9.4085   -4.7269   -1.3908 N   0  0  0  0  0  0  0  0  0  0  0  0
   10.7126   -5.1907   -1.8679 C   0  0  0  0  0  0  0  0  0  0  0  0
    8.6368   -5.8455   -0.8457 C   0  0  0  0  0  0  0  0  0  0  0  0
    7.5057   -3.3872    0.8170 O   0  0  0  0  0  0  0  0  0  0  0  0
   15.3750   -2.4753   -0.1729 C   0  0  0  0  0  0  0  0  0  0  0  0
   15.3961   -3.8713   -0.1562 C   0  0  0  0  0  0  0  0  0  0  0  0
   14.2003   -1.8034    0.1710 C   0  0  0  0  0  0  0  0  0  0  0  0
   14.2505   -4.5774    0.2241 C   0  0  0  0  0  0  0  0  0  0  0  0
   13.0584   -2.5011    0.5631 C   0  0  0  0  0  0  0  0  0  0  0  0
   13.0929   -3.8934    0.6042 C   0  0  0  0  0  0  0  0  0  0  0  0
   14.1428   -0.3452    0.0384 C   0  0  0  0  0  0  0  0  0  0  0  0
   14.1456    0.2237   -1.0398 O   0  0  0  0  0  0  0  0  0  0  0  0
   14.0956    0.2563    1.2477 O   0  0  0  0  0  0  0  0  0  0  0  0
   14.1982   -5.9799    0.1468 N   0  0  0  0  0  0  0  0  0  0  0  0
   15.0777   -6.7884    0.8384 C   0  0  0  0  0  0  0  0  0  0  0  0
   16.0253   -7.3761    0.3268 O   0  0  0  0  0  0  0  0  0  0  0  0
   14.7240   -6.9432    2.2929 C   0  0  0  0  0  0  0  0  0  0  0  0
    2.3346   -7.8613   -1.3573 H   0  0  0  0  0  0  0  0  0  0  0  0
    3.5131   -5.9620   -1.4264 H   0  0  0  0  0  0  0  0  0  0  0  0
    1.3080   -7.2493    1.4334 H   0  0  0  0  0  0  0  0  0  0  0  0
    4.0546   -8.6179    0.0894 H   0  0  0  0  0  0  0  0  0  0  0  0
    2.6698   -5.2833    1.4332 H   0  0  0  0  0  0  0  0  0  0  0  0
    4.9193   -5.4654    0.4805 H   0  0  0  0  0  0  0  0  0  0  0  0
   -0.6844   -7.1348   -0.7245 H   0  0  0  0  0  0  0  0  0  0  0  0
    0.2395   -8.6335   -0.8486 H   0  0  0  0  0  0  0  0  0  0  0  0
    2.2286   -3.0100    1.9919 H   0  0  0  0  0  0  0  0  0  0  0  0
   -0.4732   -8.0786    1.7371 H   0  0  0  0  0  0  0  0  0  0  0  0
    3.8510   -3.2230   -4.2384 H   0  0  0  0  0  0  0  0  0  0  0  0
    5.1717    0.0031   -0.8281 H   0  0  0  0  0  0  0  0  0  0  0  0
    7.6586   -2.8458   -1.1567 H   0  0  0  0  0  0  0  0  0  0  0  0
   10.3460   -2.9544   -0.7681 H   0  0  0  0  0  0  0  0  0  0  0  0
    9.8980   -4.0151    0.5549 H   0  0  0  0  0  0  0  0  0  0  0  0
    9.0915   -1.2987    1.0761 H   0  0  0  0  0  0  0  0  0  0  0  0
    9.2008   -0.8990   -0.6491 H   0  0  0  0  0  0  0  0  0  0  0  0
    7.6466   -0.7880    0.1822 H   0  0  0  0  0  0  0  0  0  0  0  0
    6.6340   -2.9561    0.8136 H   0  0  0  0  0  0  0  0  0  0  0  0
   11.3653   -4.3555   -2.1465 H   0  0  0  0  0  0  0  0  0  0  0  0
   11.2322   -5.7943   -1.1152 H   0  0  0  0  0  0  0  0  0  0  0  0
   10.5872   -5.8016   -2.7686 H   0  0  0  0  0  0  0  0  0  0  0  0
    7.5741   -5.6939   -1.0609 H   0  0  0  0  0  0  0  0  0  0  0  0
    8.9188   -6.8019   -1.3019 H   0  0  0  0  0  0  0  0  0  0  0  0
    8.7547   -5.9550    0.2384 H   0  0  0  0  0  0  0  0  0  0  0  0
   16.2605   -1.9276   -0.4830 H   0  0  0  0  0  0  0  0  0  0  0  0
   16.2994   -4.3943   -0.4579 H   0  0  0  0  0  0  0  0  0  0  0  0
   12.1418   -1.9771    0.8185 H   0  0  0  0  0  0  0  0  0  0  0  0
   12.2031   -4.4426    0.8980 H   0  0  0  0  0  0  0  0  0  0  0  0
   13.6646   -6.3796   -0.6201 H   0  0  0  0  0  0  0  0  0  0  0  0
   13.9356   -0.3317    2.0170 H   0  0  0  0  0  0  0  0  0  0  0  0
   15.2439   -6.1750    2.8709 H   0  0  0  0  0  0  0  0  0  0  0  0
   13.6452   -6.8535    2.4482 H   0  0  0  0  0  0  0  0  0  0  0  0
   15.0446   -7.9299    2.6386 H   0  0  0  0  0  0  0  0  0  0  0  0
  1  2  1  0  0  0  0
  1  5  1  0  0  0  0
  1  8  1  0  0  0  0
  2  3  1  0  0  0  0
  2  7  1  0  0  0  0
  3  4  1  0  0  0  0
  3  6  1  0  0  0  0
  4  5  1  0  0  0  0
  5  9  1  0  0  0  0
  6 18  1  0  0  0  0
  6 16  1  0  0  0  0
  9 10  1  0  0  0  0
 11 12  1  0  0  0  0
 11 13  2  0  0  0  0
 12 14  2  0  0  0  0
 13 15  1  0  0  0  0
 13 19  1  0  0  0  0
 14 16  1  0  0  0  0
 15 16  2  0  0  0  0
 15 17  1  0  0  0  0
 17 18  2  0  0  0  0
 20 21  1  0  0  0  0
 20 22  1  0  0  0  0
 20 26  1  0  0  0  0
 21 23  1  0  0  0  0
 23 24  1  0  0  0  0
 23 25  1  0  0  0  0
 27 28  1  0  0  0  0
 27 29  2  0  0  0  0
 28 30  2  0  0  0  0
 29 31  1  0  0  0  0
 29 33  1  0  0  0  0
 30 32  1  0  0  0  0
 30 36  1  0  0  0  0
 31 32  2  0  0  0  0
 33 34  2  0  0  0  0
 33 35  1  0  0  0  0
 36 37  1  0  0  0  0
 37 38  2  0  0  0  0
 37 39  1  0  0  0  0
  1 40  1  0  0  0  0
  2 41  1  0  0  0  0
  5 42  1  0  0  0  0
  8 43  1  0  0  0  0
  3 44  1  0  0  0  0
  7 45  1  0  0  0  0
  9 46  1  0  0  0  0
  9 47  1  0  0  0  0
 18 48  1  0  0  0  0
 10 49  1  0  0  0  0
 12 50  1  0  0  0  0
 19 51  1  0  0  0  0
 20 52  1  0  0  0  0
 21 53  1  0  0  0  0
 21 54  1  0  0  0  0
 22 55  1  0  0  0  0
 22 56  1  0  0  0  0
 22 57  1  0  0  0  0
 26 58  1  0  0  0  0
 24 59  1  0  0  0  0
 24 60  1  0  0  0  0
 24 61  1  0  0  0  0
 25 62  1  0  0  0  0
 25 63  1  0  0  0  0
 25 64  1  0  0  0  0
 27 65  1  0  0  0  0
 28 66  1  0  0  0  0
 31 67  1  0  0  0  0
 32 68  1  0  0  0  0
 36 69  1  0  0  0  0
 35 70  1  0  0  0  0
 39 71  1  0  0  0  0
 39 72  1  0  0  0  0
 39 73  1  0  0  0  0
M  END

> <energy>
148.51854314644817

> <StdInChI>
InChI=1S/C10H12N4O5.C9H9NO3.C5H13NO/c15-1-4-6(16)7(17)10(19-4)14-3-13-5-8(14)11-2-12-9(5)18;1-6(11)10-8-4-2-7(3-5-8)9(12)13;1-5(7)4-6(2)3/h2-4,6-7,10,15-17H,1H2,(H,11,12,18);2-5H,1H3,(H,10,11)(H,12,13);5,7H,4H2,1-3H3/t4-,6-,7-,10-;;5-/m0.0/s1

> <StdInChIKey>
PBJNZCQJMWVIRT-PAMLESKSSA-N

> <AuxInfo>
1/1/N:9,12,18,5,15,1,2,16,13,3,14,11,17,6,10,8,7,19,4;39,27,31,28,32,37,29,30,33,36,38,34,35;22,24,25,21,20,23,26/E:;(2,3)(4,5)(12,13);(2,3)/it:im;;im/rA:73cCCCOCNOOCONCCNCCNCOCCCNCCOCCCCCCCOONCOCHHHHHHHHHHHHHHHHHHHHHHHHHHHHHHHHHH/rB:s1;s2;s3;s1s4;s3;s2;s1;s5;s9;;s11;d11;d12;s13;s6s14d15;s15;s6d17;s13;;s20;s20;s21;s23;s23;s20;;s27;d27;d28;s29;s30d31;s29;d33;s33;s30;s36;d37;s37;s1;s2;s5;s8;s3;s7;s9;s9;s18;s10;s12;s19;s20;s21;s21;s22;s22;s22;s26;s24;s24;s24;s25;s25;s25;s27;s28;s31;s32;s36;s35;s39;s39;s39;/rC:2.5169,-7.5081,-.3355;3.3465,-6.2232,-.3793;2.4671,-5.2139,.3538;1.124,-5.6687,.1333;1.2122,-7.0931,.3506;2.6008,-3.8096,.0234;4.606,-6.3574,.2521;3.1349,-8.5506,.398;-.0284,-7.8152,-.1727;-.798,-8.395,.8786;4.1421,-1.6051,-2.9862;3.7153,-2.8675,-3.222;3.9613,-1.1251,-1.7378;3.157,-3.7499,-2.3634;3.3532,-1.9176,-.7699;3.0159,-3.2142,-1.1388;3.0349,-1.6768,.5387;2.5583,-2.8191,.9795;4.4347,.1325,-1.4526;8.2686,-2.8193,-.2463;9.5597,-3.6339,-.4174;8.5721,-1.3691,.1143;9.4085,-4.7269,-1.3908;10.7126,-5.1907,-1.8679;8.6368,-5.8455,-.8457;7.5057,-3.3872,.817;15.375,-2.4753,-.1729;15.3961,-3.8713,-.1562;14.2003,-1.8034,.171;14.2505,-4.5774,.2241;13.0584,-2.5011,.5631;13.0929,-3.8934,.6042;14.1428,-.3452,.0384;14.1456,.2237,-1.0398;14.0956,.2563,1.2477;14.1982,-5.9799,.1468;15.0777,-6.7884,.8384;16.0253,-7.3761,.3268;14.724,-6.9432,2.2929;2.3346,-7.8613,-1.3573;3.5131,-5.962,-1.4264;1.308,-7.2493,1.4334;4.0546,-8.6179,.0894;2.6698,-5.2833,1.4332;4.9193,-5.4654,.4805;-.6844,-7.1348,-.7245;.2395,-8.6335,-.8486;2.2286,-3.01,1.9919;-.4732,-8.0786,1.7371;3.851,-3.223,-4.2384;5.1717,.0031,-.8281;7.6586,-2.8458,-1.1567;10.346,-2.9544,-.7681;9.898,-4.0151,.5549;9.0915,-1.2987,1.0761;9.2008,-.899,-.6491;7.6466,-.788,.1822;6.634,-2.9561,.8136;11.3653,-4.3555,-2.1465;11.2322,-5.7943,-1.1152;10.5872,-5.8016,-2.7686;7.5741,-5.6939,-1.0609;8.9188,-6.8019,-1.3019;8.7547,-5.955,.2384;16.2605,-1.9276,-.483;16.2994,-4.3943,-.4579;12.1418,-1.9771,.8185;12.2031,-4.4426,.898;13.6646,-6.3796,-.6201;13.9356,-.3317,2.017;15.2439,-6.175,2.8709;13.6452,-6.8535,2.4482;15.0446,-7.9299,2.6386;

> <Formula>
C24 H34 N6 O9

> <Mw>
550.5616

> <SMILES>
[C@@]1([H])(O[H])[C@]([H])(C([H])([H])O[H])O[C@]([H])(N2C3=C(N=C2[H])C(O[H])=NC([H])=N3)[C@@]1([H])O[H].[C@]([H])(O[H])(C([H])([H])[H])C([H])([H])N(C([H])([H])[H])C([H])([H])[H].C1([H])=C(C(O[H])=O)C([H])=C([H])C(N([H])C(C([H])([H])[H])=O)=C1[H]

> <CSID>
16736312

$$$$
