Inosine


 19 21  0  0001  0  0  0  0  0999 V2000
    0.9269    1.0564    0.0000 C   0  0  0  0  0  0  0  0  0  0  0
    0.9269    0.2314    0.0000 C   0  0  0  0  0  0  0  0  0  0  0
    1.6419   -0.1811    0.0000 N   0  0  0  0  0  0  0  0  0  0  0
    2.3569    0.2314    0.0000 C   0  0  0  0  0  0  0  0  0  0  0
    2.3569    1.0564    0.0000 N   0  0  0  0  0  0  0  0  0  0  0
    1.6419    1.4689    0.0000 C   0  0  0  0  0  0  0  0  0  0  0
    0.1423    1.3118    0.0000 N   0  0  0  0  0  0  0  0  0  0  0
   -0.3430    0.6455    0.0000 C   0  0  0  0  0  0  0  0  0  0  0
    0.1423   -0.0210    0.0000 N   0  0  0  0  0  0  0  0  0  0  0
    1.6419    2.2939    0.0000 O   0  0  0  0  0  0  0  0  0  0  0
   -2.3569   -0.2523    0.0000 O   0  0  0  0  0  0  0  0  0  0  0
   -0.8121   -0.5824    0.0000 O   0  0  0  0  0  0  0  0  0  0  0
   -1.7908   -1.1598    0.0000 C   0  0  0  0  0  0  0  0  0  0  0
   -1.3022   -1.6403    0.0000 C   0  0  0  0  0  0  0  0  0  0  0
   -0.3996   -1.6403    0.0000 C   0  0  0  0  0  0  0  0  0  0  0
   -1.7891   -0.5824    0.0000 C   0  0  0  0  0  0  0  0  0  0  0
   -0.3996   -2.2939    0.0000 O   0  0  0  0  0  0  0  0  0  0  0
   -1.3022   -2.2939    0.0000 O   0  0  0  0  0  0  0  0  0  0  0
    0.1423   -1.1598    0.0000 C   0  0  0  0  0  0  0  0  0  0  0
  1  2  2  0
  2  3  1  0
  3  4  2  0
  4  5  1  0
  5  6  2  0
  1  6  1  0
  1  7  1  0
  7  8  2  0
  8  9  1  0
  2  9  1  0
  6 10  1  0
 12 13  1  0
 13 14  1  1
 14 15  1  1
 11 16  1  0
 13 16  1  0
 15 17  1  0
 14 18  1  0
 19  9  1  0
 19 15  1  1
 19 12  1  0
M  END

> <StdInChI>
InChI=1S/C10H12N4O5/c15-1-4-6(16)7(17)10(19-4)14-3-13-5-8(14)11-2-12-9(5)18/h2-4,6-7,10,15-17H,1H2,(H,11,12,18)/t4-,6+,7?,10-/m1/s1

> <StdInChIKey>
UGQMRVRMYYASKQ-PKJMTWSGSA-N

> <AuxInfo>
1/1/N:16,4,8,13,1,14,15,2,6,19,3,5,7,9,11,18,17,10,12/it:im/rA:19nCCNCNCNCNOOOCCCCOOC/rB:d1;s2;d3;s4;s1d5;s1;d7;s2s8;s6;;;s12;P13;P14;s11s13;s15;s14;s9s12p15;/rC:.9269,1.0564,0;.9269,.2314,0;1.6419,-.1811,0;2.3569,.2314,0;2.3569,1.0564,0;1.6419,1.4689,0;.1423,1.3118,0;-.343,.6455,0;.1423,-.021,0;1.6419,2.2939,0;-2.3569,-.2523,0;-.8121,-.5824,0;-1.7908,-1.1598,0;-1.3022,-1.6403,0;-.3996,-1.6403,0;-1.7891,-.5824,0;-.3996,-2.2939,0;-1.3022,-2.2939,0;.1423,-1.1598,0;

> <Formula>
C10 H12 N4 O5

> <Mw>
268.2261

> <SMILES>
C12N=CN([C@@H]3O[C@H](CO)[C@H](O)C3O)C=1N=CN=C2O |&1:4,6,9|

> <CSID>
21258279

$$$$
