
Lamivudine

 17 18  0  0000  0  0  0  0  0999 V2000
    3.2321   -1.8123    0.0000 S   0  0  0  0  0  0  0  0  0  0  0
    4.5411   -0.8613    0.0000 O   0  0  0  0  0  0  0  0  0  0  0
    4.4131   -3.5349    0.0000 O   0  0  0  0  0  0  0  0  0  0  0
    2.0000    0.7265    0.0000 O   0  0  0  0  0  0  0  0  0  0  0
    3.7321    0.7265    0.0000 N   0  0  0  0  0  0  0  0  0  0  0
    2.8660    2.2265    0.0000 N   0  0  0  0  0  0  0  0  0  0  0
    3.7321    3.7265    0.0000 N   0  0  0  0  0  0  0  0  0  0  0
    3.7321   -0.2735    0.0000 C   0  0  0  0  0  0  0  0  0  0  0
    2.9230   -0.8613    0.0000 C   0  0  0  0  0  0  0  0  0  0  0
    4.2321   -1.8123    0.0000 C   0  0  0  0  0  0  0  0  0  0  0
    4.8198   -2.6214    0.0000 C   0  0  0  0  0  0  0  0  0  0  0
    4.5981    1.2265    0.0000 C   0  0  0  0  0  0  0  0  0  0  0
    2.8660    1.2265    0.0000 C   0  0  0  0  0  0  0  0  0  0  0
    4.5981    2.2265    0.0000 C   0  0  0  0  0  0  0  0  0  0  0
    3.7321    2.7265    0.0000 C   0  0  0  0  0  0  0  0  0  0  0
    4.2690    4.0365    0.0000 H   0  0  0  0  0  0  0  0  0  0  0
    3.1951    4.0365    0.0000 H   0  0  0  0  0  0  0  0  0  0  0
  1  9  1  0
  1 10  1  0
  2  8  1  0
  2 10  1  0
  3 11  1  0
  4 13  2  0
  5  8  1  0
  5 12  1  0
  5 13  1  0
  6 13  1  0
  6 15  2  0
  7 15  1  0
  7 16  1  0
  7 17  1  0
  8  9  1  0
 10 11  1  0
 12 14  2  0
 14 15  1  0
M  END

> <PUBCHEM_BONDANNOTATIONS>
10  11  3
12  14  8
14  15  8
5  12  8
5  13  8
8  5  3
6  13  8
6  15  8

> <StdInChI>
InChI=1S/C8H11N3O3S/c9-5-1-2-11(8(13)10-5)6-4-15-7(3-12)14-6/h1-2,6-7,12H,3-4H2,(H2,9,10,13)

> <StdInChIKey>
JTEGQNOMFQHVDC-UHFFFAOYSA-N

> <AuxInfo>
1/1/N:14,12,11,9,15,8,10,13,7,6,5,3,4,2,1/rA:26cSOOONNNCCCCCCCCHHHHHHHHHHH/rB:;;;;;;s2s5;s1s8;s1s2;s3s10;s5;d4s5s6;d12;d6s7s14;s8;s9;s9;s10;s11;s11;s12;s14;s3;s7;s7;/rC:3.2321,-1.8123,0;4.5411,-.8613,0;4.4131,-3.5349,0;2,.7265,0;3.7321,.7265,0;2.866,2.2265,0;3.7321,3.7265,0;3.7321,-.2735,0;2.923,-.8613,0;4.2321,-1.8123,0;4.8198,-2.6214,0;4.5981,1.2265,0;2.866,1.2265,0;4.5981,2.2265,0;3.7321,2.7265,0;4.2845,.008,0;2.613,-.3244,0;2.3566,-1.1135,0;4.8444,-1.7154,0;5.3338,-2.9681,0;5.2505,-2.1754,0;5.135,.9165,0;5.135,2.5365,0;4.7775,-4.0365,0;4.269,4.0365,0;3.1951,4.0365,0;

> <Formula>
C8 H11 N3 O3 S

> <Mw>
229.2562

> <SMILES>
S1C([H])(C([H])([H])O[H])OC([H])(C1([H])[H])N1C(N=C(C([H])=C1[H])N([H])[H])=O

> <CSID>
3740

$$$$
