Loviride
  Marvin  12300703363D          

 39 40  0  0  1  0            999 V2000
   -1.9075   -1.6548    3.5543 Cl  0  0  0  0  0  0  0  0  0  0  0  0
   -1.6373   -1.8773   -2.0210 Cl  0  0  0  0  0  0  0  0  0  0  0  0
    0.4840    0.2279    2.7436 O   0  0  0  0  0  0  0  0  0  0  0  0
    3.6151   -0.0462   -0.5746 O   0  0  0  0  0  0  0  0  0  0  0  0
   -0.2000    0.0569   -0.3265 N   0  0  0  0  0  0  0  0  0  0  0  0
    1.3802   -1.3319    1.6135 N   0  0  0  0  0  0  0  0  0  0  0  0
   -0.7471   -0.4412    0.8671 C   0  0  1  0  0  0  0  0  0  0  0  0
    0.3967    1.2201   -0.5627 C   0  0  0  0  0  0  0  0  0  0  0  0
   -1.5384   -1.7318    0.7903 C   0  0  0  0  0  0  0  0  0  0  0  0
    1.7802    1.2293   -0.8940 C   0  0  0  0  0  0  0  0  0  0  0  0
   -0.3196    2.4308   -0.4213 C   0  0  0  0  0  0  0  0  0  0  0  0
    0.3319    3.6795   -0.5206 C   0  0  0  0  0  0  0  0  0  0  0  0
    0.3982   -0.5210    1.7804 C   0  0  0  0  0  0  0  0  0  0  0  0
   -2.0191   -2.3335    1.9984 C   0  0  0  0  0  0  0  0  0  0  0  0
   -1.8785   -2.4127   -0.4249 C   0  0  0  0  0  0  0  0  0  0  0  0
    2.4309    2.4873   -0.9259 C   0  0  0  0  0  0  0  0  0  0  0  0
    1.7261    3.6879   -0.7333 C   0  0  0  0  0  0  0  0  0  0  0  0
    2.5458    0.0855   -1.1566 C   0  0  0  0  0  0  0  0  0  0  0  0
   -2.6711   -3.5841    2.0001 C   0  0  0  0  0  0  0  0  0  0  0  0
   -2.5335   -3.6633   -0.4113 C   0  0  0  0  0  0  0  0  0  0  0  0
   -0.4363    4.9411   -0.4010 C   0  0  0  0  0  0  0  0  0  0  0  0
   -2.9158   -4.2549    0.7972 C   0  0  0  0  0  0  0  0  0  0  0  0
    2.1944   -0.9497   -2.1155 C   0  0  0  0  0  0  0  0  0  0  0  0
   -1.4607    0.3050    1.2325 H   0  0  0  0  0  0  0  0  0  0  0  0
   -0.1084   -0.5597   -1.0112 H   0  0  0  0  0  0  0  0  0  0  0  0
   -1.3280    2.4028   -0.2419 H   0  0  0  0  0  0  0  0  0  0  0  0
    3.4385    2.5559   -1.0970 H   0  0  0  0  0  0  0  0  0  0  0  0
    2.2455    4.5684   -0.7607 H   0  0  0  0  0  0  0  0  0  0  0  0
   -2.9859   -4.0321    2.8658 H   0  0  0  0  0  0  0  0  0  0  0  0
   -2.7586   -4.1736   -1.2713 H   0  0  0  0  0  0  0  0  0  0  0  0
   -0.9605    4.9779    0.5550 H   0  0  0  0  0  0  0  0  0  0  0  0
   -1.1704    5.0034   -1.2064 H   0  0  0  0  0  0  0  0  0  0  0  0
    0.1933    5.8313   -0.4658 H   0  0  0  0  0  0  0  0  0  0  0  0
   -3.3851   -5.1637    0.7991 H   0  0  0  0  0  0  0  0  0  0  0  0
    2.0809   -1.3562    2.2333 H   0  0  0  0  0  0  0  0  0  0  0  0
    1.4064   -1.8913    0.8648 H   0  0  0  0  0  0  0  0  0  0  0  0
    1.9805   -0.5032   -3.0880 H   0  0  0  0  0  0  0  0  0  0  0  0
    2.9994   -1.6747   -2.2626 H   0  0  0  0  0  0  0  0  0  0  0  0
    1.3339   -1.5342   -1.8015 H   0  0  0  0  0  0  0  0  0  0  0  0
  1 14  1  0  0  0  0
  2 15  1  0  0  0  0
  3 13  2  0  0  0  0
  4 18  2  0  0  0  0
  5  7  1  0  0  0  0
  5  8  1  0  0  0  0
  5 25  1  0  0  0  0
  6 13  1  0  0  0  0
  6 35  1  0  0  0  0
  6 36  1  0  0  0  0
  7  9  1  0  0  0  0
  7 13  1  0  0  0  0
  7 24  1  0  0  0  0
  8 10  2  0  0  0  0
  8 11  1  0  0  0  0
  9 14  2  0  0  0  0
  9 15  1  0  0  0  0
 10 16  1  0  0  0  0
 10 18  1  0  0  0  0
 11 12  2  0  0  0  0
 11 26  1  0  0  0  0
 12 17  1  0  0  0  0
 12 21  1  0  0  0  0
 14 19  1  0  0  0  0
 15 20  2  0  0  0  0
 16 17  2  0  0  0  0
 16 27  1  0  0  0  0
 17 28  1  0  0  0  0
 18 23  1  0  0  0  0
 19 22  2  0  0  0  0
 19 29  1  0  0  0  0
 20 22  1  0  0  0  0
 20 30  1  0  0  0  0
 21 31  1  0  0  0  0
 21 32  1  0  0  0  0
 21 33  1  0  0  0  0
 22 34  1  0  0  0  0
 23 37  1  0  0  0  0
 23 38  1  0  0  0  0
 23 39  1  0  0  0  0
M  END

> <PUBCHEM_BONDANNOTATIONS>
10  16  8
11  12  8
12  17  8
14  19  8
15  20  8
16  17  8
19  22  8
20  22  8
7  5  3
8  10  8
8  11  8
9  14  8
9  15  8

> <StdInChI>
InChI=1S/C17H16Cl2N2O2/c1-9-6-7-11(10(2)22)14(8-9)21-16(17(20)23)15-12(18)4-3-5-13(15)19/h3-8,16,21H,1-2H3,(H2,20,23)/t16-/m0/s1

> <StdInChIKey>
CJPLEFFCVDQQFZ-INIZCTEOSA-N

> <AuxInfo>
1/1/N:21,23,22,19,20,17,16,11,12,18,10,14,15,8,9,7,13,1,2,6,5,4,3/E:(4,5)(12,13)(18,19)/it:im/rA:39cClClOONNCCCCCCCCCCCCCCCCCHHHHHHHHHHHHHHHH/rB:;;;;;s5;s5;s7;d8;s8;d11;d3s6s7;s1d9;s2s9;s10;s12d16;d4s10;s14;d15;s12;d19s20;s18;s7;s5;s11;s16;s17;s19;s20;s21;s21;s21;s22;s6;s6;s23;s23;s23;/rC:-1.9075,-1.6548,3.5543;-1.6373,-1.8773,-2.021;.484,.2279,2.7436;3.6151,-.0462,-.5746;-.2,.0569,-.3265;1.3802,-1.3319,1.6135;-.7471,-.4412,.8671;.3967,1.2201,-.5627;-1.5384,-1.7318,.7903;1.7802,1.2293,-.894;-.3196,2.4308,-.4213;.3319,3.6795,-.5206;.3982,-.521,1.7804;-2.0191,-2.3335,1.9984;-1.8785,-2.4127,-.4249;2.4309,2.4873,-.9259;1.7261,3.6879,-.7333;2.5458,.0855,-1.1566;-2.6711,-3.5841,2.0001;-2.5335,-3.6633,-.4113;-.4363,4.9411,-.401;-2.9158,-4.2549,.7972;2.1944,-.9497,-2.1155;-1.4607,.305,1.2325;-.1084,-.5597,-1.0112;-1.328,2.4028,-.2419;3.4385,2.5559,-1.097;2.2455,4.5684,-.7607;-2.9859,-4.0321,2.8658;-2.7586,-4.1736,-1.2713;-.9605,4.9779,.555;-1.1704,5.0034,-1.2064;.1933,5.8313,-.4658;-3.3851,-5.1637,.7991;2.0809,-1.3562,2.2333;1.4064,-1.8913,.8648;1.9805,-.5032,-3.088;2.9994,-1.6747,-2.2626;1.3339,-1.5342,-1.8015;

> <Formula>
C17 H16 Cl2 N2 O2

> <Mw>
351.2271

> <SMILES>
ClC1C([H])=C([H])C([H])=C(C=1[C@@]([H])(C(N([H])[H])=O)N([H])C1C([H])=C(C([H])([H])[H])C([H])=C([H])C=1C(C([H])([H])[H])=O)Cl

> <CSID>
3826

$$$$
