Maraviroc
  Marvin  12310702203D          

 37 41  0  0  1  0            999 V2000
   -0.8629   -3.3819    2.9845 C   0  0  1  0  0  0  0  0  0  0  0  0
    0.1693   -4.5428    3.2103 C   0  0  0  0  0  0  0  0  0  0  0  0
   -0.4042   -5.8421    3.8433 C   0  0  0  0  0  0  0  0  0  0  0  0
   -1.4335   -5.5678    4.9781 C   0  0  1  0  0  0  0  0  0  0  0  0
   -2.6002   -4.6633    4.4905 C   0  0  0  0  0  0  0  0  0  0  0  0
   -2.0915   -3.3003    3.9490 C   0  0  0  0  0  0  0  0  0  0  0  0
   -0.2098   -2.0878    3.0526 C   0  0  0  0  0  0  0  0  0  0  0  0
    0.5538   -1.8160    3.9778 O   0  0  0  0  0  0  0  0  0  0  0  0
   -0.4948   -1.2153    2.1351 N   0  0  0  0  0  0  0  0  0  0  0  0
   -1.9609   -6.7664    5.3815 F   0  0  0  0  0  0  0  0  0  0  0  0
   -0.8257   -5.0267    6.0907 F   0  0  0  0  0  0  0  0  0  0  0  0
   -0.0693    0.1150    2.0125 C   0  0  1  0  0  0  0  0  0  0  0  0
   -0.1451    0.6332    0.5555 C   0  0  0  0  0  0  0  0  0  0  0  0
    0.6933   -0.2080   -0.4234 C   0  0  0  0  0  0  0  0  0  0  0  0
    1.5849   -0.4869   -2.7574 C   0  0  1  0  0  0  0  0  0  0  0  0
    1.2704    0.2135   -4.1309 C   0  0  0  0  0  0  0  0  0  0  0  0
    1.7980    1.6972   -4.2118 C   0  0  2  0  0  0  0  0  0  0  0  0
    1.9843    2.4445   -2.8361 C   0  0  0  0  0  0  0  0  0  0  0  0
    2.2150    1.4700   -1.6228 C   0  0  2  0  0  0  0  0  0  0  0  0
    3.5178    0.6310   -1.7270 C   0  0  0  0  0  0  0  0  0  0  0  0
    3.1048   -0.6570   -2.4828 C   0  0  0  0  0  0  0  0  0  0  0  0
    1.1244    0.4467   -1.6857 N   0  0  0  0  0  0  0  0  0  0  0  0
   -0.4289    3.6172   -6.2917 N   0  0  0  0  0  0  0  0  0  0  0  0
    0.6618    3.6828   -6.9761 N   0  0  0  0  0  0  0  0  0  0  0  0
    1.6120    3.0013   -6.3230 C   0  0  0  0  0  0  0  0  0  0  0  0
    1.0860    2.4914   -5.1833 N   0  0  0  0  0  0  0  0  0  0  0  0
   -0.2123    2.8919   -5.1788 C   0  0  0  0  0  0  0  0  0  0  0  0
    2.9662    2.9214   -6.8990 C   0  0  0  0  0  0  0  0  0  0  0  0
   -1.2418    2.6016   -4.1490 C   0  0  1  0  0  0  0  0  0  0  0  0
   -1.7737    3.8620   -3.4555 C   0  0  0  0  0  0  0  0  0  0  0  0
   -2.4210    1.7833   -4.6903 C   0  0  0  0  0  0  0  0  0  0  0  0
   -2.6055    2.1836    4.0897 C   0  0  0  0  0  0  0  0  0  0  0  0
   -1.6890    2.6679    5.0774 C   0  0  0  0  0  0  0  0  0  0  0  0
   -0.2927    2.3514    5.0780 C   0  0  0  0  0  0  0  0  0  0  0  0
    0.2051    1.5104    4.0339 C   0  0  0  0  0  0  0  0  0  0  0  0
   -0.6905    1.0066    3.0283 C   0  0  0  0  0  0  0  0  0  0  0  0
   -2.0941    1.3381    3.0562 C   0  0  0  0  0  0  0  0  0  0  0  0
  1  2  1  0  0  0  0
  1  6  1  0  0  0  0
  1  7  1  0  0  0  0
  2  3  1  0  0  0  0
  3  4  1  0  0  0  0
  4  5  1  0  0  0  0
  4 10  1  0  0  0  0
  4 11  1  0  0  0  0
  5  6  1  0  0  0  0
  7  8  2  0  0  0  0
  7  9  1  0  0  0  0
  9 12  1  0  0  0  0
 12 13  1  0  0  0  0
 12 36  1  0  0  0  0
 13 14  1  0  0  0  0
 14 22  1  0  0  0  0
 15 16  1  0  0  0  0
 15 21  1  0  0  0  0
 15 22  1  0  0  0  0
 16 17  1  0  0  0  0
 17 18  1  0  0  0  0
 17 26  1  0  0  0  0
 18 19  1  0  0  0  0
 19 20  1  0  0  0  0
 19 22  1  0  0  0  0
 20 21  1  0  0  0  0
 23 24  1  0  0  0  0
 23 27  2  0  0  0  0
 24 25  2  0  0  0  0
 25 26  1  0  0  0  0
 25 28  1  0  0  0  0
 26 27  1  0  0  0  0
 27 29  1  0  0  0  0
 29 30  1  0  0  0  0
 29 31  1  0  0  0  0
 32 37  2  0  0  0  0
 32 33  1  0  0  0  0
 33 34  2  0  0  0  0
 34 35  1  0  0  0  0
 35 36  2  0  0  0  0
 36 37  1  0  0  0  0
M  END

> <StdInChI>
InChI=1S/C29H41F2N5O/c1-19(2)27-34-33-20(3)36(27)25-17-23-9-10-24(18-25)35(23)16-13-26(21-7-5-4-6-8-21)32-28(37)22-11-14-29(30,31)15-12-22/h4-8,19,22-26H,9-18H2,1-3H3,(H,32,37)/t23-,24+,25-,26-/m0/s1

> <StdInChIKey>
GSNHKUDZZFZSJB-QYOOZWMWSA-N

> <AuxInfo>
1/1/N:30,31,28,33,32,34,37,35,20,21,2,6,13,3,5,14,18,16,29,25,36,1,19,15,17,12,27,7,4,10,11,9,24,23,22,26,8/E:(1,2)(5,6)(7,8)(9,10)(11,12)(14,15)(17,18)(23,24)(30,31)/it:23-,24+,25-,26+/iN:30,31,28,33,32,34,37,35,21,20,2,6,13,3,5,14,16,18,29,25,36,1,15,19,17,12,27,7,4,10,11,9,24,23,22,26,8/rA:37cCCCCCCCONFFCCCCCCCCCCNNNCNCCCCCCCCCCC/rB:s1;s2;s3;s4;s1s5;s1;d7;s7;s4;s4;s9;s12;s13;;s15;s16;s17;s18;s19;s15s20;s14s15s19;;s23;d24;s17s25;d23s26;s25;s27;s29;s29;;s32;d33;s34;s12d35;d32s36;/rC:-.8629,-3.3819,2.9845;.1693,-4.5428,3.2103;-.4042,-5.8421,3.8433;-1.4335,-5.5678,4.9781;-2.6002,-4.6633,4.4905;-2.0915,-3.3003,3.949;-.2098,-2.0878,3.0526;.5538,-1.816,3.9778;-.4948,-1.2153,2.1351;-1.9609,-6.7664,5.3815;-.8257,-5.0267,6.0907;-.0693,.115,2.0125;-.1451,.6332,.5555;.6933,-.208,-.4234;1.5849,-.4869,-2.7574;1.2704,.2135,-4.1309;1.798,1.6972,-4.2118;1.9843,2.4445,-2.8361;2.215,1.47,-1.6228;3.5178,.631,-1.727;3.1048,-.657,-2.4828;1.1244,.4467,-1.6857;-.4289,3.6172,-6.2917;.6618,3.6828,-6.9761;1.612,3.0013,-6.323;1.086,2.4914,-5.1833;-.2123,2.8919,-5.1788;2.9662,2.9214,-6.899;-1.2418,2.6016,-4.149;-1.7737,3.862,-3.4555;-2.421,1.7833,-4.6903;-2.6055,2.1836,4.0897;-1.689,2.6679,5.0774;-.2927,2.3514,5.078;.2051,1.5104,4.0339;-.6905,1.0066,3.0283;-2.0941,1.3381,3.0562;

> <Formula>
C29 H41 F2 N5 O

> <Mw>
513.6655

> <SMILES>
C1(C(N[C@H](C2C=CC=CC=2)CC[N@]2[C@H]3CC[C@@H]2C[C@@H](N2C(C(C)C)=NN=C2C)C3)=O)CCC(F)(F)CC1

> <CSID>
20078004

$$$$
