Methisazone
  Marvin  12310715553D          

 26 27  0  0  0  0            999 V2000
    1.4186    5.1986    0.4330 S   0  0  0  0  0  0  0  0  0  0  0  0
    2.5273    0.4763    0.5134 O   0  0  0  0  0  0  0  0  0  0  0  0
    1.3660   -1.4201    0.2080 N   0  0  0  0  0  0  0  0  0  0  0  0
   -0.0057    1.7480    0.0585 N   0  0  0  0  0  0  0  0  0  0  0  0
    0.7098    2.7468    0.1637 N   0  0  0  0  0  0  0  0  0  0  0  0
   -0.9583    4.3090    0.1091 N   0  0  0  0  0  0  0  0  0  0  0  0
    0.0925   -1.6962   -0.0474 C   0  0  0  0  0  0  0  0  0  0  0  0
   -0.6105   -0.4869   -0.0851 C   0  0  0  0  0  0  0  0  0  0  0  0
    0.3024    0.5023    0.1006 C   0  0  0  0  0  0  0  0  0  0  0  0
    1.4823   -0.1220    0.2887 C   0  0  0  0  0  0  0  0  0  0  0  0
   -0.5981   -2.9054   -0.2886 C   0  0  0  0  0  0  0  0  0  0  0  0
   -2.0006   -0.4444   -0.3170 C   0  0  0  0  0  0  0  0  0  0  0  0
    2.4246   -2.3329    0.3545 C   0  0  0  0  0  0  0  0  0  0  0  0
   -1.9804   -2.8759   -0.5635 C   0  0  0  0  0  0  0  0  0  0  0  0
   -2.6800   -1.6520   -0.5671 C   0  0  0  0  0  0  0  0  0  0  0  0
    0.2739    3.9606    0.2102 C   0  0  0  0  0  0  0  0  0  0  0  0
   -0.1125   -3.8034   -0.2783 H   0  0  0  0  0  0  0  0  0  0  0  0
   -2.5076    0.4433   -0.3159 H   0  0  0  0  0  0  0  0  0  0  0  0
    3.1197   -2.2254   -0.4813 H   0  0  0  0  0  0  0  0  0  0  0  0
    2.9717   -2.1486    1.2825 H   0  0  0  0  0  0  0  0  0  0  0  0
    2.1145   -3.3781    0.3852 H   0  0  0  0  0  0  0  0  0  0  0  0
   -2.4794   -3.7456   -0.7635 H   0  0  0  0  0  0  0  0  0  0  0  0
   -3.6841   -1.6387   -0.7584 H   0  0  0  0  0  0  0  0  0  0  0  0
    1.6361    2.6178    0.2142 H   0  0  0  0  0  0  0  0  0  0  0  0
   -1.2080    5.2039    0.2231 H   0  0  0  0  0  0  0  0  0  0  0  0
   -1.6144    3.6690   -0.0787 H   0  0  0  0  0  0  0  0  0  0  0  0
  1 16  2  0  0  0  0
  2 10  2  0  0  0  0
  3  7  1  0  0  0  0
  3 10  1  0  0  0  0
  3 13  1  0  0  0  0
  4  5  1  0  0  0  0
  4  9  2  0  0  0  0
  5 16  1  0  0  0  0
  5 24  1  0  0  0  0
  6 16  1  0  0  0  0
  6 25  1  0  0  0  0
  6 26  1  0  0  0  0
  7  8  1  0  0  0  0
  7 11  2  0  0  0  0
  8  9  1  0  0  0  0
  8 12  2  0  0  0  0
  9 10  1  0  0  0  0
 11 14  1  0  0  0  0
 11 17  1  0  0  0  0
 12 15  1  0  0  0  0
 12 18  1  0  0  0  0
 13 19  1  0  0  0  0
 13 20  1  0  0  0  0
 13 21  1  0  0  0  0
 14 15  2  0  0  0  0
 14 22  1  0  0  0  0
 15 23  1  0  0  0  0
M  END

> <PUBCHEM_BONDANNOTATIONS>
11  14  8
12  15  8
14  15  8
7  11  8
7  8  8
8  12  8

> <StdInChI>
InChI=1S/C10H10N4OS/c1-14-7-5-3-2-4-6(7)8(9(14)15)12-13-10(11)16/h2-5H,1H3,(H3,11,13,16)/b12-8-

> <StdInChIKey>
DLGSOJOOYHWROO-WQLSENKSSA-N

> <AuxInfo>
1/1/N:13,15,14,12,11,8,7,9,10,16,6,4,5,3,2,1/rA:26nSONNNNCCCCCCCCCCHHHHHHHHHH/rB:;;;s4;;s3;s7;d4s8;d2s3s9;d7;d8;s3;s11;s12d14;d1s5s6;s11;s12;s13;s13;s13;s14;s15;s5;s6;s6;/rC:1.4186,5.1986,.433;2.5273,.4763,.5134;1.366,-1.4201,.208;-.0057,1.748,.0585;.7098,2.7468,.1637;-.9583,4.309,.1091;.0925,-1.6962,-.0474;-.6105,-.4869,-.0851;.3024,.5023,.1006;1.4823,-.122,.2887;-.5981,-2.9054,-.2886;-2.0006,-.4444,-.317;2.4246,-2.3329,.3545;-1.9804,-2.8759,-.5635;-2.68,-1.652,-.5671;.2739,3.9606,.2102;-.1125,-3.8034,-.2783;-2.5076,.4433,-.3159;3.1197,-2.2254,-.4813;2.9717,-2.1486,1.2825;2.1145,-3.3781,.3852;-2.4794,-3.7456,-.7635;-3.6841,-1.6387,-.7584;1.6361,2.6178,.2142;-1.208,5.2039,.2231;-1.6144,3.669,-.0787;

> <Formula>
C10 H10 N4 O S

> <Mw>
234.2776

> <SMILES>
S=C(N([H])[H])N([H])/N=C1\C(N(C([H])([H])[H])C2=C([H])C([H])=C([H])C([H])=C2\1)=O

> <CSID>
5259074

$$$$
