Moroxydine
  Marvin  12310720203D          

 25 25  0  0  0  0            999 V2000
   -2.8877   -1.2778    1.4210 O   0  0  0  0  0  0  0  0  0  0  0  0
   -0.4585   -0.3313    0.4127 N   0  0  0  0  0  0  0  0  0  0  0  0
    1.4552    0.6732   -0.1811 N   0  0  0  0  0  0  0  0  0  0  0  0
    0.1512   -0.4173   -1.7063 N   0  0  0  0  0  0  0  0  0  0  0  0
    3.3323    1.8213   -0.1252 N   0  0  0  0  0  0  0  0  0  0  0  0
    2.5179    1.3467   -2.0898 N   0  0  0  0  0  0  0  0  0  0  0  0
   -0.4979   -1.6440    0.9476 C   0  0  0  0  0  0  0  0  0  0  0  0
   -1.3947    0.6176    0.8947 C   0  0  0  0  0  0  0  0  0  0  0  0
   -1.9364   -2.2187    0.8876 C   0  0  0  0  0  0  0  0  0  0  0  0
   -2.8344    0.0414    0.8448 C   0  0  0  0  0  0  0  0  0  0  0  0
    0.3995   -0.0118   -0.5172 C   0  0  0  0  0  0  0  0  0  0  0  0
    2.4076    1.2624   -0.8150 C   0  0  0  0  0  0  0  0  0  0  0  0
   -0.1819   -1.6001    1.9939 H   0  0  0  0  0  0  0  0  0  0  0  0
    0.1756   -2.3550    0.4551 H   0  0  0  0  0  0  0  0  0  0  0  0
   -1.1469    0.8553    1.9331 H   0  0  0  0  0  0  0  0  0  0  0  0
   -1.3933    1.5696    0.3509 H   0  0  0  0  0  0  0  0  0  0  0  0
   -2.2013   -2.4832   -0.1401 H   0  0  0  0  0  0  0  0  0  0  0  0
   -1.9959   -3.1301    1.4865 H   0  0  0  0  0  0  0  0  0  0  0  0
   -3.5096    0.6813    1.4173 H   0  0  0  0  0  0  0  0  0  0  0  0
   -3.2022    0.0156   -0.1850 H   0  0  0  0  0  0  0  0  0  0  0  0
    0.7315   -0.2350   -2.4145 H   0  0  0  0  0  0  0  0  0  0  0  0
    3.3239    1.7804    0.8085 H   0  0  0  0  0  0  0  0  0  0  0  0
    4.0282    2.2744   -0.5582 H   0  0  0  0  0  0  0  0  0  0  0  0
    3.2856    1.7203   -2.4733 H   0  0  0  0  0  0  0  0  0  0  0  0
    1.8322    1.0449   -2.6479 H   0  0  0  0  0  0  0  0  0  0  0  0
  1  9  1  0  0  0  0
  1 10  1  0  0  0  0
  2  7  1  0  0  0  0
  2  8  1  0  0  0  0
  2 11  1  0  0  0  0
  3 11  1  0  0  0  0
  3 12  2  0  0  0  0
  4 11  2  0  0  0  0
  4 21  1  0  0  0  0
  5 12  1  0  0  0  0
  5 22  1  0  0  0  0
  5 23  1  0  0  0  0
  6 12  1  0  0  0  0
  6 24  1  0  0  0  0
  6 25  1  0  0  0  0
  7  9  1  0  0  0  0
  7 13  1  0  0  0  0
  7 14  1  0  0  0  0
  8 10  1  0  0  0  0
  8 15  1  0  0  0  0
  8 16  1  0  0  0  0
  9 17  1  0  0  0  0
  9 18  1  0  0  0  0
 10 19  1  0  0  0  0
 10 20  1  0  0  0  0
M  END

> <StdInChI>
InChI=1S/C6H13N5O/c7-5(8)10-6(9)11-1-3-12-4-2-11/h1-4H2,(H5,7,8,9,10)

> <StdInChIKey>
KJHOZAZQWVKILO-UHFFFAOYSA-N

> <AuxInfo>
1/1/N:7,8,9,10,12,11,5,6,4,3,2,1/E:(1,2)(3,4)(7,8)/rA:25nONNNNNCCCCCCHHHHHHHHHHHHH/rB:;;;;;s2;s2;s1s7;s1s8;s2s3d4;d3s5s6;s7;s7;s8;s8;s9;s9;s10;s10;s4;s5;s5;s6;s6;/rC:-2.8877,-1.2778,1.421;-.4585,-.3313,.4127;1.4552,.6732,-.1811;.1512,-.4173,-1.7063;3.3323,1.8213,-.1252;2.5179,1.3467,-2.0898;-.4979,-1.644,.9476;-1.3947,.6176,.8947;-1.9364,-2.2187,.8876;-2.8344,.0414,.8448;.3995,-.0118,-.5172;2.4076,1.2624,-.815;-.1819,-1.6001,1.9939;.1756,-2.355,.4551;-1.1469,.8553,1.9331;-1.3933,1.5696,.3509;-2.2013,-2.4832,-.1401;-1.9959,-3.1301,1.4865;-3.5096,.6813,1.4173;-3.2022,.0156,-.185;.7315,-.235,-2.4145;3.3239,1.7804,.8085;4.0282,2.2744,-.5582;3.2856,1.7203,-2.4733;1.8322,1.0449,-2.6479;

> <Formula>
C6 H13 N5 O

> <Mw>
171.2003

> <SMILES>
O1C([H])([H])C([H])([H])N(/C(=N/[H])/N=C(\N([H])[H])/N([H])[H])C([H])([H])C1([H])[H]

> <CSID>
64715

$$$$
