Nevirapine
  Marvin  12300703363D          

 34 37  0  0  0  0            999 V2000
   -2.4405   -2.1040    0.3610 O   0  0  0  0  0  0  0  0  0  0  0  0
    1.0453    0.0266   -0.2100 N   0  0  0  0  0  0  0  0  0  0  0  0
   -1.8940   -0.1389   -0.0191 N   0  0  0  0  0  0  0  0  0  0  0  0
    0.7525    2.3216   -0.2106 N   0  0  0  0  0  0  0  0  0  0  0  0
    1.8572   -1.7818   -1.4082 N   0  0  0  0  0  0  0  0  0  0  0  0
    2.2825    0.1645    0.4750 C   0  0  1  0  0  0  0  0  0  0  0  0
    2.2134    0.4448    1.9912 C   0  0  0  0  0  0  0  0  0  0  0  0
    2.7678   -0.8893    1.4947 C   0  0  0  0  0  0  0  0  0  0  0  0
    0.1922    1.0772   -0.1965 C   0  0  0  0  0  0  0  0  0  0  0  0
    0.8124   -1.1833   -0.7606 C   0  0  0  0  0  0  0  0  0  0  0  0
   -1.2274    1.0090   -0.0937 C   0  0  0  0  0  0  0  0  0  0  0  0
   -0.3891   -1.9286   -0.6112 C   0  0  0  0  0  0  0  0  0  0  0  0
   -1.9807    2.2197    0.0152 C   0  0  0  0  0  0  0  0  0  0  0  0
   -1.5538   -1.3843   -0.0797 C   0  0  0  0  0  0  0  0  0  0  0  0
   -0.3654   -3.2903   -1.0171 C   0  0  0  0  0  0  0  0  0  0  0  0
   -1.2994    3.4589    0.0234 C   0  0  0  0  0  0  0  0  0  0  0  0
    0.0932    3.4929   -0.1036 C   0  0  0  0  0  0  0  0  0  0  0  0
    1.8807   -3.0596   -1.8530 C   0  0  0  0  0  0  0  0  0  0  0  0
   -3.4617    2.3247    0.1537 C   0  0  0  0  0  0  0  0  0  0  0  0
    0.7613   -3.8677   -1.6249 C   0  0  0  0  0  0  0  0  0  0  0  0
    3.0797    0.7183   -0.0292 H   0  0  0  0  0  0  0  0  0  0  0  0
    2.9538    1.1359    2.3958 H   0  0  0  0  0  0  0  0  0  0  0  0
    1.2330    0.3819    2.4688 H   0  0  0  0  0  0  0  0  0  0  0  0
    3.8488   -1.0180    1.5638 H   0  0  0  0  0  0  0  0  0  0  0  0
    2.1243   -1.7558    1.6617 H   0  0  0  0  0  0  0  0  0  0  0  0
   -2.8092   -0.0367    0.1164 H   0  0  0  0  0  0  0  0  0  0  0  0
   -1.1754   -3.9015   -0.8825 H   0  0  0  0  0  0  0  0  0  0  0  0
   -1.7948    4.3497    0.1247 H   0  0  0  0  0  0  0  0  0  0  0  0
    0.6073    4.3757   -0.1032 H   0  0  0  0  0  0  0  0  0  0  0  0
    2.7107   -3.4254   -2.3222 H   0  0  0  0  0  0  0  0  0  0  0  0
   -3.7096    2.7684    1.1206 H   0  0  0  0  0  0  0  0  0  0  0  0
   -3.8711    2.9625   -0.6328 H   0  0  0  0  0  0  0  0  0  0  0  0
   -4.0083    1.3858    0.0924 H   0  0  0  0  0  0  0  0  0  0  0  0
    0.7643   -4.8528   -1.9001 H   0  0  0  0  0  0  0  0  0  0  0  0
  1 14  2  0  0  0  0
  2  6  1  0  0  0  0
  2  9  1  0  0  0  0
  2 10  1  0  0  0  0
  3 11  1  0  0  0  0
  3 14  1  0  0  0  0
  3 26  1  0  0  0  0
  4  9  2  0  0  0  0
  4 17  1  0  0  0  0
  5 10  1  0  0  0  0
  5 18  2  0  0  0  0
  6  7  1  0  0  0  0
  6  8  1  0  0  0  0
  6 21  1  0  0  0  0
  7  8  1  0  0  0  0
  7 22  1  0  0  0  0
  7 23  1  0  0  0  0
  8 24  1  0  0  0  0
  8 25  1  0  0  0  0
  9 11  1  0  0  0  0
 10 12  2  0  0  0  0
 11 13  2  0  0  0  0
 12 14  1  0  0  0  0
 12 15  1  0  0  0  0
 13 16  1  0  0  0  0
 13 19  1  0  0  0  0
 15 20  2  0  0  0  0
 15 27  1  0  0  0  0
 16 17  2  0  0  0  0
 16 28  1  0  0  0  0
 17 29  1  0  0  0  0
 18 20  1  0  0  0  0
 18 30  1  0  0  0  0
 19 31  1  0  0  0  0
 19 32  1  0  0  0  0
 19 33  1  0  0  0  0
 20 34  1  0  0  0  0
M  END

> <PUBCHEM_BONDANNOTATIONS>
10  12  8
11  13  8
12  15  8
13  16  8
15  20  8
16  17  8
18  20  8
4  17  8
4  9  8
5  10  8
5  18  8
9  11  8

> <StdInChI>
InChI=1S/C15H14N4O/c1-9-6-8-17-14-12(9)18-15(20)11-3-2-7-16-13(11)19(14)10-4-5-10/h2-3,6-8,10H,4-5H2,1H3,(H,18,20)

> <StdInChIKey>
NQDJXKOVJZTUJA-UHFFFAOYSA-N

> <AuxInfo>
1/1/N:19,20,15,7,8,16,18,17,13,6,12,11,10,9,14,5,4,3,2,1/E:(4,5)/rA:34nONNNNCCCCCCCCCCCCCCCHHHHHHHHHHHHHH/rB:;;;;s2;s6;s6s7;s2d4;s2s5;s3s9;d10;d11;d1s3s12;s12;s13;s4d16;d5;s13;d15s18;s6;s7;s7;s8;s8;s3;s15;s16;s17;s18;s19;s19;s19;s20;/rC:-2.4405,-2.104,.361;1.0453,.0266,-.21;-1.894,-.1389,-.0191;.7525,2.3216,-.2106;1.8572,-1.7818,-1.4082;2.2825,.1645,.475;2.2134,.4448,1.9912;2.7678,-.8893,1.4947;.1922,1.0772,-.1965;.8124,-1.1833,-.7606;-1.2274,1.009,-.0937;-.3891,-1.9286,-.6112;-1.9807,2.2197,.0152;-1.5538,-1.3843,-.0797;-.3654,-3.2903,-1.0171;-1.2994,3.4589,.0234;.0932,3.4929,-.1036;1.8807,-3.0596,-1.853;-3.4617,2.3247,.1537;.7613,-3.8677,-1.6249;3.0797,.7183,-.0292;2.9538,1.1359,2.3958;1.233,.3819,2.4688;3.8488,-1.018,1.5638;2.1243,-1.7558,1.6617;-2.8092,-.0367,.1164;-1.1754,-3.9015,-.8825;-1.7948,4.3497,.1247;.6073,4.3757,-.1032;2.7107,-3.4254,-2.3222;-3.7096,2.7684,1.1206;-3.8711,2.9625,-.6328;-4.0083,1.3858,.0924;.7643,-4.8528,-1.9001;

> <Formula>
C15 H14 N4 O

> <Mw>
266.2979

> <SMILES>
O=C1C2C([H])=C([H])C([H])=NC=2N(C2C(=C(C([H])([H])[H])C([H])=C([H])N=2)N1[H])C1([H])C([H])([H])C1([H])[H]

> <CSID>
4308

$$$$
