Nitazoxanide


 21 22  0  0000  0  0  0  0  0999 V2000
    3.4420   -1.8857    0.0000 S   0  0  0  0  0  0  0  0  0  0  0
    9.0650   -3.9986    0.0000 O   0  0  0  0  0  0  0  0  0  0  0
    6.7930   -3.9986    0.0000 O   0  0  0  0  0  0  0  0  0  0  0
    0.0000   -2.8058    0.0000 O   0  5  0  0  0  0  0  0  0  0  0
    1.2609   -0.7384    0.0000 O   0  0  0  0  0  0  0  0  0  0  0
   10.2236   -5.9865    0.0000 O   0  0  0  0  0  0  0  0  0  0  0
    5.6571   -1.9879    0.0000 N   0  0  0  0  0  0  0  0  0  0  0
    4.1349   -3.9645    0.0000 N   0  0  0  0  0  0  0  0  0  0  0
    1.2609   -2.0220    0.0000 N   0  3  0  0  0  0  0  0  0  0  0
    4.5211   -2.6468    0.0000 C   0  0  0  0  0  0  0  0  0  0  0
    7.9176   -1.9879    0.0000 C   0  0  0  0  0  0  0  0  0  0  0
    2.3969   -2.6809    0.0000 C   0  0  0  0  0  0  0  0  0  0  0
    6.7930   -2.6468    0.0000 C   0  0  0  0  0  0  0  0  0  0  0
    9.0650   -2.6468    0.0000 C   0  0  0  0  0  0  0  0  0  0  0
    2.8285   -3.9191    0.0000 C   0  0  0  0  0  0  0  0  0  0  0
    7.9176   -0.6589    0.0000 C   0  0  0  0  0  0  0  0  0  0  0
   10.2123   -1.9879    0.0000 C   0  0  0  0  0  0  0  0  0  0  0
    9.0650    0.0000    0.0000 C   0  0  0  0  0  0  0  0  0  0  0
   10.2123   -0.6589    0.0000 C   0  0  0  0  0  0  0  0  0  0  0
   10.2236   -4.6688    0.0000 C   0  0  0  0  0  0  0  0  0  0  0
   11.3596   -4.0099    0.0000 C   0  0  0  0  0  0  0  0  0  0  0
  1 10  1  0
  1 12  1  0
  2 14  1  0
  2 20  1  0
  3 13  2  0
  4  9  1  0
  5  9  2  0
  6 20  2  0
  7 10  1  0
  7 13  1  0
  8 10  2  0
  8 15  1  0
  9 12  1  0
 11 13  1  0
 11 14  2  0
 11 16  1  0
 12 15  2  0
 14 17  1  0
 16 18  2  0
 17 19  2  0
 18 19  1  0
 20 21  1  0
M  CHG  2   4  -1   9   1
M  END

> <StdInChI>
InChI=1S/C12H9N3O5S/c1-7(16)20-9-5-3-2-4-8(9)11(17)14-12-13-6-10(21-12)15(18)19/h2-6H,1H3,(H,13,14,17)

> <StdInChIKey>
YQNQNVDNTFHQSW-UHFFFAOYSA-N

> <AuxInfo>
1/1/N:21,18,19,16,17,15,20,11,14,12,13,10,8,7,9,6,3,4,5,2,1/E:(18,19)/CRV:15.5/rA:21nSOOO-OONNN+CCCCCCCCCCCC/rB:;;;;;;;s4d5;s1s7d8;;s1s9;d3s7s11;s2d11;s8d12;s11;s14;d16;d17s18;s2d6;s20;/rC:3.442,-1.8857,0;9.065,-3.9986,0;6.793,-3.9986,0;0,-2.8058,0;1.2609,-.7384,0;10.2236,-5.9865,0;5.6571,-1.9879,0;4.1349,-3.9645,0;1.2609,-2.022,0;4.5211,-2.6468,0;7.9176,-1.9879,0;2.3969,-2.6809,0;6.793,-2.6468,0;9.065,-2.6468,0;2.8285,-3.9191,0;7.9176,-.6589,0;10.2123,-1.9879,0;9.065,0,0;10.2123,-.6589,0;10.2236,-4.6688,0;11.3596,-4.0099,0;

> <Formula>
C12 H9 N3 O5 S

> <Mw>
307.282

> <SMILES>
S1C(=CN=C1NC(C1C=CC=CC=1OC(C)=O)=O)[N+](=O)[O-]

> <CSID>
38037

$$$$
