Penciclovir
  Marvin  12300703363D          

 33 34  0  0  0  0            999 V2000
    2.0661    2.4520    2.7931 O   0  0  0  0  0  0  0  0  0  0  0  0
   -0.5221    4.3784   -0.0178 O   0  0  0  0  0  0  0  0  0  0  0  0
   -0.1749   -5.5151   -0.7236 O   0  0  0  0  0  0  0  0  0  0  0  0
    1.0668   -1.1967   -0.8815 N   0  0  0  0  0  0  0  0  0  0  0  0
   -1.3134   -1.7734   -0.9133 N   0  0  0  0  0  0  0  0  0  0  0  0
    1.8123   -3.3057   -0.7822 N   0  0  0  0  0  0  0  0  0  0  0  0
   -1.7592   -3.9888   -0.6915 N   0  0  0  0  0  0  0  0  0  0  0  0
   -3.4169   -2.4816   -0.6713 N   0  0  0  0  0  0  0  0  0  0  0  0
    0.8093    2.3812    0.6472 C   0  0  2  0  0  0  0  0  0  0  0  0
    0.9097    0.8267    0.5333 C   0  0  0  0  0  0  0  0  0  0  0  0
    1.0315    0.2349   -0.8976 C   0  0  0  0  0  0  0  0  0  0  0  0
    0.8727    2.8569    2.1288 C   0  0  0  0  0  0  0  0  0  0  0  0
   -0.4490    2.9575   -0.0658 C   0  0  0  0  0  0  0  0  0  0  0  0
    0.0023   -2.0159   -0.8803 C   0  0  0  0  0  0  0  0  0  0  0  0
    0.4720   -3.3290   -0.8040 C   0  0  0  0  0  0  0  0  0  0  0  0
    2.1498   -2.0021   -0.8252 C   0  0  0  0  0  0  0  0  0  0  0  0
   -0.4879   -4.3357   -0.7453 C   0  0  0  0  0  0  0  0  0  0  0  0
   -2.1726   -2.7591   -0.7643 C   0  0  0  0  0  0  0  0  0  0  0  0
    1.6858    2.8022    0.1449 H   0  0  0  0  0  0  0  0  0  0  0  0
    1.7936    0.4875    1.0814 H   0  0  0  0  0  0  0  0  0  0  0  0
    0.0441    0.3804    1.0315 H   0  0  0  0  0  0  0  0  0  0  0  0
    1.9240    0.6343   -1.3860 H   0  0  0  0  0  0  0  0  0  0  0  0
    0.1861    0.5449   -1.5146 H   0  0  0  0  0  0  0  0  0  0  0  0
    0.0212    2.4715    2.6943 H   0  0  0  0  0  0  0  0  0  0  0  0
    0.8479    3.9472    2.1864 H   0  0  0  0  0  0  0  0  0  0  0  0
   -1.3614    2.5496    0.3755 H   0  0  0  0  0  0  0  0  0  0  0  0
   -0.4467    2.7107   -1.1274 H   0  0  0  0  0  0  0  0  0  0  0  0
    3.1178   -1.6747   -0.8041 H   0  0  0  0  0  0  0  0  0  0  0  0
   -1.6208   -0.8994   -1.0333 H   0  0  0  0  0  0  0  0  0  0  0  0
    1.9826    2.8040    3.7047 H   0  0  0  0  0  0  0  0  0  0  0  0
   -1.3260    4.6045   -0.5322 H   0  0  0  0  0  0  0  0  0  0  0  0
   -3.7079   -1.6008   -0.8011 H   0  0  0  0  0  0  0  0  0  0  0  0
   -4.0367   -3.1465   -0.4585 H   0  0  0  0  0  0  0  0  0  0  0  0
  1 12  1  0  0  0  0
  1 30  1  0  0  0  0
  2 13  1  0  0  0  0
  2 31  1  0  0  0  0
  3 17  2  0  0  0  0
  4 11  1  0  0  0  0
  4 14  1  0  0  0  0
  4 16  1  0  0  0  0
  5 14  1  0  0  0  0
  5 18  1  0  0  0  0
  5 29  1  0  0  0  0
  6 15  1  0  0  0  0
  6 16  2  0  0  0  0
  7 17  1  0  0  0  0
  7 18  2  0  0  0  0
  8 18  1  0  0  0  0
  8 32  1  0  0  0  0
  8 33  1  0  0  0  0
  9 10  1  0  0  0  0
  9 12  1  0  0  0  0
  9 13  1  0  0  0  0
  9 19  1  0  0  0  0
 10 11  1  0  0  0  0
 10 20  1  0  0  0  0
 10 21  1  0  0  0  0
 11 22  1  0  0  0  0
 11 23  1  0  0  0  0
 12 24  1  0  0  0  0
 12 25  1  0  0  0  0
 13 26  1  0  0  0  0
 13 27  1  0  0  0  0
 14 15  2  0  0  0  0
 15 17  1  0  0  0  0
 16 28  1  0  0  0  0
M  END

> <PUBCHEM_BONDANNOTATIONS>
14  15  8
15  17  8
4  14  8
4  16  8
5  14  8
5  18  8
6  15  8
6  16  8
7  17  8
7  18  8

> <StdInChI>
InChI=1S/C10H15N5O3/c11-10-13-8-7(9(18)14-10)12-5-15(8)2-1-6(3-16)4-17/h5-6,16-17H,1-4H2,(H3,11,13,14,18)

> <StdInChIKey>
JNTOCHDNEULJHD-UHFFFAOYSA-N

> <AuxInfo>
1/1/N:10,11,12,13,16,9,15,14,17,18,8,6,5,7,4,1,2,3/E:(3,4)(16,17)/rA:33nOOONNNNNCCCCCCCCCCHHHHHHHHHHHHHHH/rB:;;;;;;;;s9;s4s10;s1s9;s2s9;s4s5;s6d14;s4d6;d3s7s15;s5d7s8;s9;s10;s10;s11;s11;s12;s12;s13;s13;s16;s5;s1;s2;s8;s8;/rC:2.0661,2.452,2.7931;-.5221,4.3784,-.0178;-.1749,-5.5151,-.7236;1.0668,-1.1967,-.8815;-1.3134,-1.7734,-.9133;1.8123,-3.3057,-.7822;-1.7592,-3.9888,-.6915;-3.4169,-2.4816,-.6713;.8093,2.3812,.6472;.9097,.8267,.5333;1.0315,.2349,-.8976;.8727,2.8569,2.1288;-.449,2.9575,-.0658;.0023,-2.0159,-.8803;.472,-3.329,-.804;2.1498,-2.0021,-.8252;-.4879,-4.3357,-.7453;-2.1726,-2.7591,-.7643;1.6858,2.8022,.1449;1.7936,.4875,1.0814;.0441,.3804,1.0315;1.924,.6343,-1.386;.1861,.5449,-1.5146;.0212,2.4715,2.6943;.8479,3.9472,2.1864;-1.3614,2.5496,.3755;-.4467,2.7107,-1.1274;3.1178,-1.6747,-.8041;-1.6208,-.8994,-1.0333;1.9826,2.804,3.7047;-1.326,4.6045,-.5322;-3.7079,-1.6008,-.8011;-4.0367,-3.1465,-.4585;

> <Formula>
C10 H15 N5 O3

> <Mw>
253.2578

> <SMILES>
O([H])C([H])([H])C([H])(C([H])([H])O[H])C([H])([H])C([H])([H])N1C([H])=NC2C(N=C(N([H])[H])N([H])C1=2)=O

> <CSID>
4563

$$$$
