Peramivir


 24 24  0  0001  0  0  0  0  0999 V2000
    4.1876   -2.4263    0.0000 C   0  0  0  0  0  0  0  0  0  0  0
    4.8526   -4.4751    0.0000 C   0  0  0  0  0  0  0  0  0  0  0
    5.2659   -3.2081    0.0000 C   0  0  0  0  0  0  0  0  0  0  0
    6.4162   -2.5431    0.0000 C   0  0  0  0  0  0  0  0  0  0  0
    6.4162   -1.2131    0.0000 O   0  0  0  0  0  0  0  0  0  0  0
    7.5664   -3.2081    0.0000 O   0  0  0  0  0  0  0  0  0  0  0
    3.1092   -3.2081    0.0000 C   0  0  0  0  0  0  0  0  0  0  0
    3.5226   -4.4751    0.0000 C   0  0  0  0  0  0  0  0  0  0  0
    2.8576   -5.6254    0.0000 C   0  0  0  0  0  0  0  0  0  0  0
    1.7074   -4.9604    0.0000 H   0  0  0  0  0  0  0  0  0  0  0
    0.7189   -6.6858    0.0000 C   0  0  0  0  0  0  0  0  0  0  0
    0.0539   -7.8360    0.0000 C   0  0  0  0  0  0  0  0  0  0  0
    2.1657   -2.2735    0.0000 N   0  0  0  0  0  0  0  0  0  0  0
    1.2311   -1.3300    0.0000 C   0  0  0  0  0  0  0  0  0  0  0
    1.2311    0.0000    0.0000 N   0  0  0  0  0  0  0  0  0  0  0
    0.0000   -1.8422    0.0000 N   0  0  0  0  0  0  0  0  0  0  0
    2.0489   -6.6858    0.0000 C   0  0  0  0  0  0  0  0  0  0  0
    2.7138   -7.8360    0.0000 C   0  0  0  0  0  0  0  0  0  0  0
    2.0489   -8.9862    0.0000 C   0  0  0  0  0  0  0  0  0  0  0
    3.7922   -6.5689    0.0000 N   0  0  0  0  0  0  0  0  0  0  0
    4.4572   -7.7192    0.0000 C   0  0  0  0  0  0  0  0  0  0  0
    3.7922   -8.8694    0.0000 C   0  0  0  0  0  0  0  0  0  0  0
    5.7871   -7.7192    0.0000 O   0  0  0  0  0  0  0  0  0  0  0
    5.6344   -5.5535    0.0000 O   0  0  0  0  0  0  0  0  0  0  0
  1  7  1  0
  1  3  1  0
  2  8  1  0
  2  3  1  0
  2 24  1  1
  3  4  1  6
  4  6  1  0
  4  5  2  0
  7  8  1  0
  7 13  1  6
  8  9  1  1
  9 20  1  0
  9 10  1  6
  9 17  1  0
 11 17  1  0
 11 12  1  0
 13 14  1  0
 14 15  2  0
 14 16  1  0
 17 18  1  0
 18 19  1  0
 20 21  1  0
 21 23  2  0
 21 22  1  0
M  END

> <StdInChI>
InChI=1S/C15H28N4O4/c1-4-8(5-2)12(18-7(3)20)11-10(19-15(16)17)6-9(13(11)21)14(22)23/h8-13,21H,4-6H2,1-3H3,(H,18,20)(H,22,23)(H4,16,17,19)/t9-,10+,11+,12-,13+/m0/s1

> <StdInChIKey>
XRQDFNLINLXZLB-CKIKVBCHSA-N

> <AuxInfo>
1/1/N:12,19,22,11,18,1,21,17,3,7,8,9,2,4,14,15,16,20,13,23,24,5,6/E:(1,2)(4,5)(16,17)(22,23)/it:im/rA:24cCCCCOOCCCHCCNCNNCCCNCCOO/rB:;s1s2;N3;d4;s4;s1;s2s7;P8;N9;;s11;N7;s13;d14;s14;s9s11;s17;s18;s9;s20;s21;d21;P2;/rC:4.1876,-2.4263,0;4.8526,-4.4751,0;5.2659,-3.2081,0;6.4162,-2.5431,0;6.4162,-1.2131,0;7.5664,-3.2081,0;3.1092,-3.2081,0;3.5226,-4.4751,0;2.8576,-5.6254,0;1.7074,-4.9604,0;.7189,-6.6858,0;.0539,-7.836,0;2.1657,-2.2735,0;1.2311,-1.33,0;1.2311,0,0;0,-1.8422,0;2.0489,-6.6858,0;2.7138,-7.836,0;2.0489,-8.9862,0;3.7922,-6.5689,0;4.4572,-7.7192,0;3.7922,-8.8694,0;5.7871,-7.7192,0;5.6344,-5.5535,0;

> <Formula>
C15 H28 N4 O4

> <Mw>
328.4072

> <SMILES>
C1[C@H](C(=O)O)[C@@H](O)[C@@H]([C@@](C(CC)CC)([H])NC(C)=O)[C@@H]1NC(N)=N

> <CSID>
135903

$$$$
