Phosphonoacetate
  Marvin  12300703363D          

 13 12  0  0  0  0            999 V2000
    0.9856   -0.3653   -0.1043 P   0  0  1  0  0  0  0  0  0  0  0  0
    1.4436   -1.7326   -0.0984 O   0  0  0  0  0  0  0  0  0  0  0  0
    1.5237    0.2923    1.0606 O   0  0  0  0  0  0  0  0  0  0  0  0
    1.5256    0.2761   -1.2774 O   0  0  0  0  0  0  0  0  0  0  0  0
   -2.4877    1.2082   -0.0892 O   0  0  0  0  0  0  0  0  0  0  0  0
   -0.6397    2.1188   -0.0922 O   0  0  0  0  0  0  0  0  0  0  0  0
   -0.6765   -0.2571   -0.0977 C   0  0  0  0  0  0  0  0  0  0  0  0
   -1.2711    1.0710   -0.0932 C   0  0  0  0  0  0  0  0  0  0  0  0
   -1.0442   -0.7938   -0.9755 H   0  0  0  0  0  0  0  0  0  0  0  0
   -1.0347   -0.7932    0.7846 H   0  0  0  0  0  0  0  0  0  0  0  0
    2.3080   -1.9035   -0.0950 H   0  0  0  0  0  0  0  0  0  0  0  0
    2.3933    0.3673    1.1674 H   0  0  0  0  0  0  0  0  0  0  0  0
   -3.0259    0.5119   -0.0897 H   0  0  0  0  0  0  0  0  0  0  0  0
  1  2  1  0  0  0  0
  1  3  1  0  0  0  0
  1  4  2  0  0  0  0
  1  7  1  0  0  0  0
  2 11  1  0  0  0  0
  3 12  1  0  0  0  0
  5  8  1  0  0  0  0
  5 13  1  0  0  0  0
  6  8  2  0  0  0  0
  7  8  1  0  0  0  0
  7  9  1  0  0  0  0
  7 10  1  0  0  0  0
M  END

> <StdInChI>
InChI=1S/C2H5O5P/c3-2(4)1-8(5,6)7/h1H2,(H,3,4)(H2,5,6,7)

> <StdInChIKey>
XUYJLQHKOGNDPB-UHFFFAOYSA-N

> <AuxInfo>
1/1/N:7,8,5,6,2,3,4,1/E:(3,4)(5,6,7)/rA:13nPOOOOOCCHHHHH/rB:s1;s1;d1;;;s1;s5d6s7;s7;s7;s2;s3;s5;/rC:.9856,-.3653,-.1043;1.4436,-1.7326,-.0984;1.5237,.2923,1.0606;1.5256,.2761,-1.2774;-2.4877,1.2082,-.0892;-.6397,2.1188,-.0922;-.6765,-.2571,-.0977;-1.2711,1.071,-.0932;-1.0442,-.7938,-.9755;-1.0347,-.7932,.7846;2.308,-1.9035,-.095;2.3933,.3673,1.1674;-3.0259,.5119,-.0897;

> <Formula>
C2 H5 O5 P

> <Mw>
140.0319

> <SMILES>
P(C([H])([H])C(=O)O[H])(=O)(O[H])O[H]

> <CSID>
531

$$$$
