Pleconaril
  Marvin  12300703363D          

 45 47  0  0  0  0            999 V2000
   -5.4407   -6.1147    1.3308 F   0  0  0  0  0  0  0  0  0  0  0  0
   -5.4180   -7.3379   -0.5422 F   0  0  0  0  0  0  0  0  0  0  0  0
   -6.1287   -5.2310   -0.5868 F   0  0  0  0  0  0  0  0  0  0  0  0
    0.7859    0.1826   -0.8765 O   0  0  0  0  0  0  0  0  0  0  0  0
    2.8621    4.5625    2.9394 O   0  0  0  0  0  0  0  0  0  0  0  0
   -2.7070   -6.3756   -0.0322 O   0  0  0  0  0  0  0  0  0  0  0  0
    2.9526    5.8497    2.7440 N   0  0  0  0  0  0  0  0  0  0  0  0
   -3.4696   -4.4487   -0.7001 N   0  0  0  0  0  0  0  0  0  0  0  0
   -1.6842   -5.6219   -0.3216 N   0  0  0  0  0  0  0  0  0  0  0  0
    1.7781    1.9725    0.3085 C   0  0  0  0  0  0  0  0  0  0  0  0
    2.1298    2.5172    1.7180 C   0  0  0  0  0  0  0  0  0  0  0  0
    1.0703    0.6089    0.3647 C   0  0  0  0  0  0  0  0  0  0  0  0
    0.1373   -0.8822   -1.0966 C   0  0  0  0  0  0  0  0  0  0  0  0
    0.8236   -2.1235   -1.1388 C   0  0  0  0  0  0  0  0  0  0  0  0
   -1.2758   -0.8069   -1.1750 C   0  0  0  0  0  0  0  0  0  0  0  0
   -1.3582   -3.2691   -1.0134 C   0  0  0  0  0  0  0  0  0  0  0  0
    0.0526   -3.3057   -1.0829 C   0  0  0  0  0  0  0  0  0  0  0  0
   -1.9973   -2.0164   -1.1454 C   0  0  0  0  0  0  0  0  0  0  0  0
    2.4280    3.9557    1.8111 C   0  0  0  0  0  0  0  0  0  0  0  0
    2.3060   -2.2311   -1.1747 C   0  0  0  0  0  0  0  0  0  0  0  0
   -2.0490    0.4627   -1.2079 C   0  0  0  0  0  0  0  0  0  0  0  0
    2.2787    4.9497    0.8517 C   0  0  0  0  0  0  0  0  0  0  0  0
   -2.1293   -4.4177   -0.7213 C   0  0  0  0  0  0  0  0  0  0  0  0
    2.5810    6.1440    1.4874 C   0  0  0  0  0  0  0  0  0  0  0  0
    2.4776    7.4895    0.9120 C   0  0  0  0  0  0  0  0  0  0  0  0
   -3.8291   -5.6564   -0.2564 C   0  0  0  0  0  0  0  0  0  0  0  0
   -5.2130   -6.0864   -0.0217 C   0  0  1  0  0  0  0  0  0  0  0  0
    2.6929    1.8900   -0.2856 H   0  0  0  0  0  0  0  0  0  0  0  0
    1.0971    2.6499   -0.2128 H   0  0  0  0  0  0  0  0  0  0  0  0
    2.9757    1.9519    2.1165 H   0  0  0  0  0  0  0  0  0  0  0  0
    1.2867    2.3603    2.3959 H   0  0  0  0  0  0  0  0  0  0  0  0
    0.1474    0.7305    0.9447 H   0  0  0  0  0  0  0  0  0  0  0  0
    1.7058   -0.1074    0.8951 H   0  0  0  0  0  0  0  0  0  0  0  0
    0.5355   -4.2086   -1.0588 H   0  0  0  0  0  0  0  0  0  0  0  0
   -3.0202   -1.9643   -1.1729 H   0  0  0  0  0  0  0  0  0  0  0  0
    2.6645   -2.7164   -0.2652 H   0  0  0  0  0  0  0  0  0  0  0  0
    2.6223   -2.8205   -2.0367 H   0  0  0  0  0  0  0  0  0  0  0  0
    2.8160   -1.2689   -1.2513 H   0  0  0  0  0  0  0  0  0  0  0  0
   -2.6607    0.5404   -0.3063 H   0  0  0  0  0  0  0  0  0  0  0  0
   -2.7093    0.4844   -2.0769 H   0  0  0  0  0  0  0  0  0  0  0  0
   -1.4270    1.3572   -1.2564 H   0  0  0  0  0  0  0  0  0  0  0  0
    1.9760    4.8436   -0.1178 H   0  0  0  0  0  0  0  0  0  0  0  0
    1.7398    8.0571    1.4807 H   0  0  0  0  0  0  0  0  0  0  0  0
    3.4416    7.9948    0.9637 H   0  0  0  0  0  0  0  0  0  0  0  0
    2.1524    7.4562   -0.1300 H   0  0  0  0  0  0  0  0  0  0  0  0
  1 27  1  0  0  0  0
  2 27  1  0  0  0  0
  3 27  1  0  0  0  0
  4 12  1  0  0  0  0
  4 13  1  0  0  0  0
  5  7  1  0  0  0  0
  5 19  1  0  0  0  0
  6  9  1  0  0  0  0
  6 26  1  0  0  0  0
  7 24  2  0  0  0  0
  8 23  1  0  0  0  0
  8 26  2  0  0  0  0
  9 23  2  0  0  0  0
 10 11  1  0  0  0  0
 10 12  1  0  0  0  0
 10 28  1  0  0  0  0
 10 29  1  0  0  0  0
 11 19  1  0  0  0  0
 11 30  1  0  0  0  0
 11 31  1  0  0  0  0
 12 32  1  0  0  0  0
 12 33  1  0  0  0  0
 13 14  2  0  0  0  0
 13 15  1  0  0  0  0
 14 17  1  0  0  0  0
 14 20  1  0  0  0  0
 15 18  2  0  0  0  0
 15 21  1  0  0  0  0
 16 17  2  0  0  0  0
 16 18  1  0  0  0  0
 16 23  1  0  0  0  0
 17 34  1  0  0  0  0
 18 35  1  0  0  0  0
 19 22  2  0  0  0  0
 20 36  1  0  0  0  0
 20 37  1  0  0  0  0
 20 38  1  0  0  0  0
 21 39  1  0  0  0  0
 21 40  1  0  0  0  0
 21 41  1  0  0  0  0
 22 24  1  0  0  0  0
 22 42  1  0  0  0  0
 24 25  1  0  0  0  0
 25 43  1  0  0  0  0
 25 44  1  0  0  0  0
 25 45  1  0  0  0  0
 26 27  1  0  0  0  0
M  END

> <PUBCHEM_BONDANNOTATIONS>
13  14  8
13  15  8
14  17  8
15  18  8
16  17  8
16  18  8
19  22  8
22  24  8
5  19  8
5  7  8
6  26  8
6  9  8
7  24  8
8  23  8
8  26  8
9  23  8

> <StdInChI>
InChI=1S/C18H18F3N3O3/c1-10-7-13(16-22-17(27-24-16)18(19,20)21)8-11(2)15(10)25-6-4-5-14-9-12(3)23-26-14/h7-9H,4-6H2,1-3H3

> <StdInChIKey>
KQOXLKOJHVFTRN-UHFFFAOYSA-N

> <AuxInfo>
1/0/N:20,21,25,10,11,12,17,18,22,14,15,24,16,19,13,23,26,27,1,2,3,8,7,9,4,5,6/E:(1,2)(7,8)(10,11)(19,20,21)/rA:45nFFFOOONNNCCCCCCCCCCCCCCCCCCHHHHHHHHHHHHHHHHHH/rB:;;;;;s5;;s6;;s10;s4s10;s4;d13;s13;;s14d16;d15s16;s5s11;s14;s15;d19;s8d9s16;d7s22;s24;s6d8;s1s2s3s26;s10;s10;s11;s11;s12;s12;s17;s18;s20;s20;s20;s21;s21;s21;s22;s25;s25;s25;/rC:-5.4407,-6.1147,1.3308;-5.418,-7.3379,-.5422;-6.1287,-5.231,-.5868;.7859,.1826,-.8765;2.8621,4.5625,2.9394;-2.707,-6.3756,-.0322;2.9526,5.8497,2.744;-3.4696,-4.4487,-.7001;-1.6842,-5.6219,-.3216;1.7781,1.9725,.3085;2.1298,2.5172,1.718;1.0703,.6089,.3647;.1373,-.8822,-1.0966;.8236,-2.1235,-1.1388;-1.2758,-.8069,-1.175;-1.3582,-3.2691,-1.0134;.0526,-3.3057,-1.0829;-1.9973,-2.0164,-1.1454;2.428,3.9557,1.8111;2.306,-2.2311,-1.1747;-2.049,.4627,-1.2079;2.2787,4.9497,.8517;-2.1293,-4.4177,-.7213;2.581,6.144,1.4874;2.4776,7.4895,.912;-3.8291,-5.6564,-.2564;-5.213,-6.0864,-.0217;2.6929,1.89,-.2856;1.0971,2.6499,-.2128;2.9757,1.9519,2.1165;1.2867,2.3603,2.3959;.1474,.7305,.9447;1.7058,-.1074,.8951;.5355,-4.2086,-1.0588;-3.0202,-1.9643,-1.1729;2.6645,-2.7164,-.2652;2.6223,-2.8205,-2.0367;2.816,-1.2689,-1.2513;-2.6607,.5404,-.3063;-2.7093,.4844,-2.0769;-1.427,1.3572,-1.2564;1.976,4.8436,-.1178;1.7398,8.0571,1.4807;3.4416,7.9948,.9637;2.1524,7.4562,-.13;

> <Formula>
C18 H18 F3 N3 O3

> <Mw>
381.349

> <SMILES>
FC(C1=NC(C2C([H])=C(C([H])([H])[H])C(=C(C([H])([H])[H])C=2[H])OC([H])([H])C([H])([H])C([H])([H])C2=C([H])C(C([H])([H])[H])=NO2)=NO1)(F)F

> <CSID>
1621

$$$$
