Pyramidine
  1019              3D

 17 17  0  0  1  0  0  0  0  0999 V2000
   -1.6908    0.9086    0.2365 C   0  0  0  0  0  0  0  0  0  0  0  0
   -2.1901   -0.4118    0.4918 C   0  0  0  0  0  0  0  0  0  0  0  0
   -0.5052    1.0498   -0.3661 C   0  0  0  0  0  0  0  0  0  0  0  0
   -1.4724   -1.4776    0.1220 C   0  0  0  0  0  0  0  0  0  0  0  0
    0.3171   -0.1465   -0.7697 C   0  0  0  0  0  0  0  0  0  0  0  0
    1.6559   -0.0697   -0.0346 C   0  0  0  0  0  0  0  0  0  0  0  0
    2.7035    0.3829   -0.6579 N   0  0  0  0  0  0  0  0  0  0  0  0
    1.6981   -0.4800    1.2872 N   0  0  0  0  0  0  0  0  0  0  0  0
   -0.2512   -1.4392   -0.4997 O   0  0  0  0  0  0  0  0  0  0  0  0
   -2.2845    1.7642    0.5342 H   0  0  0  0  0  0  0  0  0  0  0  0
   -3.1478   -0.5224    0.9866 H   0  0  0  0  0  0  0  0  0  0  0  0
   -0.1215    2.0439   -0.5756 H   0  0  0  0  0  0  0  0  0  0  0  0
   -1.7885   -2.4973    0.2898 H   0  0  0  0  0  0  0  0  0  0  0  0
    0.4944   -0.1049   -1.8509 H   0  0  0  0  0  0  0  0  0  0  0  0
    2.4705    0.6459   -1.6201 H   0  0  0  0  0  0  0  0  0  0  0  0
    0.9672   -1.1360    1.5559 H   0  0  0  0  0  0  0  0  0  0  0  0
    2.5960   -0.8689    1.5651 H   0  0  0  0  0  0  0  0  0  0  0  0
  1  2  1  0  0  0  0
  1  3  2  0  0  0  0
  2  4  2  0  0  0  0
  3  5  1  0  0  0  0
  4  9  1  0  0  0  0
  5  6  1  0  0  0  0
  5  9  1  0  0  0  0
  6  7  2  0  0  0  0
  6  8  1  0  0  0  0
  1 10  1  0  0  0  0
  2 11  1  0  0  0  0
  3 12  1  0  0  0  0
  4 13  1  0  0  0  0
  5 14  1  0  0  0  0
  7 15  1  0  0  0  0
  8 16  1  0  0  0  0
  8 17  1  0  0  0  0
M  END

> <energy>
21.869041953737078

> <StdInChI>
InChI=1S/C6H8N2O/c7-6(8)5-3-1-2-4-9-5/h1-5H,(H3,7,8)/t5-/m0/s1

> <StdInChIKey>
UWBZVBLIWGAOLI-YFKPBYRVSA-N

> <AuxInfo>
1/1/N:1,2,3,4,5,6,7,8,9/E:(7,8)/it:im/rA:17cCCCCCCNNOHHHHHHHH/rB:s1;d1;d2;s3;s5;d6;s6;s4s5;s1;s2;s3;s4;s5;s7;s8;s8;/rC:-1.6908,.9086,.2365;-2.1901,-.4118,.4918;-.5052,1.0498,-.3661;-1.4724,-1.4776,.122;.3171,-.1465,-.7697;1.6559,-.0697,-.0346;2.7035,.3829,-.6579;1.6981,-.48,1.2872;-.2512,-1.4392,-.4997;-2.2845,1.7642,.5342;-3.1478,-.5224,.9866;-.1215,2.0439,-.5756;-1.7885,-2.4973,.2898;.4944,-.1049,-1.8509;2.4705,.6459,-1.6201;.9672,-1.136,1.5559;2.596,-.8689,1.5651;

> <Formula>
C6 H8 N2 O

> <Mw>
124.1405

> <SMILES>
C1([H])=C([H])[C@]([H])(OC([H])=C1[H])/C(/N([H])[H])=N\[H]

> <CSID>
25947235

$$$$
