Raltegravir
  Marvin  01010822323D          

 32 34  0  0  0  0            999 V2000
    0.1625   -7.7752   -0.2459 C   0  0  0  0  0  0  0  0  0  0  0  0
    1.1109   -6.6639   -0.3258 C   0  0  0  0  0  0  0  0  0  0  0  0
    2.4433   -6.7889   -0.3573 N   0  0  0  0  0  0  0  0  0  0  0  0
    2.9490   -5.6013   -0.4341 N   0  0  0  0  0  0  0  0  0  0  0  0
    1.9571   -4.6914   -0.4515 C   0  0  0  0  0  0  0  0  0  0  0  0
    0.7810   -5.3570   -0.3814 O   0  0  0  0  0  0  0  0  0  0  0  0
    2.1114   -3.3264   -0.5302 C   0  0  0  0  0  0  0  0  0  0  0  0
    3.2334   -2.8616   -0.6805 O   0  0  0  0  0  0  0  0  0  0  0  0
    1.0642   -2.5463   -0.4401 N   0  0  0  0  0  0  0  0  0  0  0  0
    0.6930   -1.1827   -0.4918 C   0  0  2  0  0  0  0  0  0  0  0  0
    1.1034   -0.6948   -1.9062 C   0  0  0  0  0  0  0  0  0  0  0  0
    1.5976   -0.4252    0.5172 C   0  0  0  0  0  0  0  0  0  0  0  0
   -0.7607   -0.8815   -0.2133 C   0  0  0  0  0  0  0  0  0  0  0  0
   -1.0832    0.3815   -0.2953 N   0  0  0  0  0  0  0  0  0  0  0  0
   -2.2417    0.9656   -0.1030 C   0  0  0  0  0  0  0  0  0  0  0  0
   -3.2647    0.1586    0.2636 C   0  0  0  0  0  0  0  0  0  0  0  0
   -3.0403   -1.1963    0.3849 C   0  0  0  0  0  0  0  0  0  0  0  0
   -4.0326   -1.8397    0.7403 O   0  0  0  0  0  0  0  0  0  0  0  0
   -1.8061   -1.6986    0.1196 N   0  0  0  0  0  0  0  0  0  0  0  0
   -1.6715   -3.0985    0.1964 C   0  0  0  0  0  0  0  0  0  0  0  0
   -4.3820    0.6335    0.5026 O   0  0  0  0  0  0  0  0  0  0  0  0
   -2.3195    2.3219   -0.2793 C   0  0  0  0  0  0  0  0  0  0  0  0
   -3.3713    2.8199   -0.6719 O   0  0  0  0  0  0  0  0  0  0  0  0
   -1.2959    3.0798   -0.0225 N   0  0  0  0  0  0  0  0  0  0  0  0
   -1.1594    4.4684   -0.0436 C   0  0  0  0  0  0  0  0  0  0  0  0
    0.1245    5.0929    0.3246 C   0  0  0  0  0  0  0  0  0  0  0  0
    0.0991    6.5222    0.2689 C   0  0  0  0  0  0  0  0  0  0  0  0
    1.2860    7.2356    0.5981 C   0  0  0  0  0  0  0  0  0  0  0  0
    2.4315    6.4650    0.9651 C   0  0  0  0  0  0  0  0  0  0  0  0
    2.4750    5.0391    1.0301 C   0  0  0  0  0  0  0  0  0  0  0  0
    1.2841    4.3356    0.6996 C   0  0  0  0  0  0  0  0  0  0  0  0
    3.5220    7.1096    1.2626 F   0  0  0  0  0  0  0  0  0  0  0  0
  1  2  1  0  0  0  0
  2  3  2  0  0  0  0
  2  6  1  0  0  0  0
  3  4  1  0  0  0  0
  4  5  2  0  0  0  0
  5  6  1  0  0  0  0
  5  7  1  0  0  0  0
  7  8  2  0  0  0  0
  7  9  1  0  0  0  0
  9 10  1  0  0  0  0
 10 11  1  0  0  0  0
 10 12  1  0  0  0  0
 10 13  1  0  0  0  0
 13 14  2  0  0  0  0
 13 19  1  0  0  0  0
 14 15  1  0  0  0  0
 15 16  2  0  0  0  0
 15 22  1  0  0  0  0
 16 17  1  0  0  0  0
 16 21  1  0  0  0  0
 17 18  2  0  0  0  0
 17 19  1  0  0  0  0
 19 20  1  0  0  0  0
 22 23  2  0  0  0  0
 22 24  1  0  0  0  0
 24 25  1  0  0  0  0
 25 26  1  0  0  0  0
 26 27  1  0  0  0  0
 26 31  2  0  0  0  0
 27 28  2  0  0  0  0
 28 29  1  0  0  0  0
 29 30  2  0  0  0  0
 29 32  1  0  0  0  0
 30 31  1  0  0  0  0
M  END

> <StdInChI>
InChI=1S/C20H21FN6O5/c1-10-25-26-17(32-10)16(30)24-20(2,3)19-23-13(14(28)18(31)27(19)4)15(29)22-9-11-5-7-12(21)8-6-11/h5-8,28H,9H2,1-4H3,(H,22,29)(H,24,30)

> <StdInChIKey>
CZFFBEXEKNGXKS-UHFFFAOYSA-N

> <AuxInfo>
1/1/N:1,11,12,20,27,31,28,30,25,2,26,29,15,16,22,7,5,17,13,10,32,24,14,9,3,4,19,21,23,8,18,6/E:(2,3)(5,6)(7,8)/rA:32nCCNNCOCONCCCCNCCCONCOCONCCCCCCCF/rB:s1;d2;s3;d4;s2s5;s5;d7;s7;s9;s10;s10;s10;d13;s14;d15;s16;d17;s13s17;s19;s16;s15;d22;s22;s24;s25;s26;d27;s28;d29;d26s30;s29;/rC:.1625,-7.7752,-.2459;1.1109,-6.6639,-.3258;2.4433,-6.7889,-.3573;2.949,-5.6013,-.4341;1.9571,-4.6914,-.4515;.781,-5.357,-.3814;2.1114,-3.3264,-.5302;3.2334,-2.8616,-.6805;1.0642,-2.5463,-.4401;.693,-1.1827,-.4918;1.1034,-.6948,-1.9062;1.5976,-.4252,.5172;-.7607,-.8815,-.2133;-1.0832,.3815,-.2953;-2.2417,.9656,-.103;-3.2647,.1586,.2636;-3.0403,-1.1963,.3849;-4.0326,-1.8397,.7403;-1.8061,-1.6986,.1196;-1.6715,-3.0985,.1964;-4.382,.6335,.5026;-2.3195,2.3219,-.2793;-3.3713,2.8199,-.6719;-1.2959,3.0798,-.0225;-1.1594,4.4684,-.0436;.1245,5.0929,.3246;.0991,6.5222,.2689;1.286,7.2356,.5981;2.4315,6.465,.9651;2.475,5.0391,1.0301;1.2841,4.3356,.6996;3.522,7.1096,1.2626;

> <Formula>
C20 H21 F N6 O5

> <Mw>
444.4164

> <SMILES>
CC1OC(C(NC(C2N(C)C(=O)C(O)=C(C(NCC3=CC=C(F)C=C3)=O)N=2)(C)C)=O)=NN=1

> <CSID>
16445111

$$$$
