Ribavirin
  Marvin  12300703363D          

 29 30  0  0  1  0            999 V2000
   -0.7398   -0.5314    0.9848 O   0  0  0  0  0  0  0  0  0  0  0  0
   -1.5681    0.1556   -2.4525 O   0  0  0  0  0  0  0  0  0  0  0  0
   -2.7748   -2.0028   -1.3518 O   0  0  0  0  0  0  0  0  0  0  0  0
   -0.3917   -2.8657    2.6266 O   0  0  0  0  0  0  0  0  0  0  0  0
    3.3563    4.1835    0.2267 O   0  0  0  0  0  0  0  0  0  0  0  0
   -0.1599    1.5396    0.0326 N   0  0  0  0  0  0  0  0  0  0  0  0
    1.1322    1.4643    0.0741 N   0  0  0  0  0  0  0  0  0  0  0  0
    0.6284    3.5816    0.1361 N   0  0  0  0  0  0  0  0  0  0  0  0
    3.8931    2.1149    0.1890 N   0  0  0  0  0  0  0  0  0  0  0  0
   -1.4267   -1.7993   -0.9263 C   0  0  1  0  0  0  0  0  0  0  0  0
   -0.8880   -0.4151   -1.3360 C   0  0  2  0  0  0  0  0  0  0  0  0
   -1.3149   -1.7930    0.6209 C   0  0  1  0  0  0  0  0  0  0  0  0
   -1.0408    0.4137   -0.0449 C   0  0  1  0  0  0  0  0  0  0  0  0
   -0.4615   -2.9403    1.2077 C   0  0  0  0  0  0  0  0  0  0  0  0
   -0.4868    2.8433    0.0735 C   0  0  0  0  0  0  0  0  0  0  0  0
    1.6461    2.7057    0.1358 C   0  0  0  0  0  0  0  0  0  0  0  0
    2.9852    3.0191    0.1858 C   0  0  0  0  0  0  0  0  0  0  0  0
    0.1704   -0.5075   -1.6001 H   0  0  0  0  0  0  0  0  0  0  0  0
   -0.8258   -2.5829   -1.3967 H   0  0  0  0  0  0  0  0  0  0  0  0
   -2.3107   -1.8453    1.0765 H   0  0  0  0  0  0  0  0  0  0  0  0
   -2.0843    0.7367    0.0647 H   0  0  0  0  0  0  0  0  0  0  0  0
   -0.8947   -3.9050    0.9375 H   0  0  0  0  0  0  0  0  0  0  0  0
    0.5562   -2.8927    0.8129 H   0  0  0  0  0  0  0  0  0  0  0  0
   -1.1875    1.0525   -2.5624 H   0  0  0  0  0  0  0  0  0  0  0  0
   -3.0112   -2.9012   -1.0377 H   0  0  0  0  0  0  0  0  0  0  0  0
   -1.4335    3.2282    0.0556 H   0  0  0  0  0  0  0  0  0  0  0  0
    0.1797   -3.6189    2.8878 H   0  0  0  0  0  0  0  0  0  0  0  0
    3.6557    1.2103    0.1579 H   0  0  0  0  0  0  0  0  0  0  0  0
    4.7974    2.3521    0.2222 H   0  0  0  0  0  0  0  0  0  0  0  0
  1 12  1  0  0  0  0
  1 13  1  0  0  0  0
 11  2  1  0  0  0  0
  2 24  1  0  0  0  0
 10  3  1  0  0  0  0
  3 25  1  0  0  0  0
  4 14  1  0  0  0  0
  4 27  1  0  0  0  0
  5 17  2  0  0  0  0
  6  7  1  0  0  0  0
 13  6  1  0  0  0  0
  6 15  1  0  0  0  0
  7 16  2  0  0  0  0
  8 15  2  0  0  0  0
  8 16  1  0  0  0  0
  9 17  1  0  0  0  0
  9 28  1  0  0  0  0
  9 29  1  0  0  0  0
 10 11  1  0  0  0  0
 10 12  1  0  0  0  0
 10 19  1  0  0  0  0
 11 13  1  0  0  0  0
 11 18  1  0  0  0  0
 12 14  1  0  0  0  0
 12 20  1  0  0  0  0
 13 21  1  0  0  0  0
 14 22  1  0  0  0  0
 14 23  1  0  0  0  0
 15 26  1  0  0  0  0
 16 17  1  0  0  0  0
M  END

> <PUBCHEM_BONDANNOTATIONS>
12  14  6
11  2  5
10  3  5
13  6  6
6  15  8
6  7  8
7  16  8
8  15  8
8  16  8

> <StdInChI>
InChI=1S/C8H12N4O5/c9-6(16)7-10-2-12(11-7)8-5(15)4(14)3(1-13)17-8/h2-5,8,13-15H,1H2,(H2,9,16)/t3-,4-,5-,8-/m1/s1

> <StdInChIKey>
IWUCXVSUMQZMFG-AFCXAGJDSA-N

> <AuxInfo>
1/1/N:14,15,12,10,11,17,16,13,9,8,7,6,4,3,2,5,1/it:im/rA:29cOOOOONNNNCCCCCCCCHHHHHHHHHHHH/rB:;;;;;s6;;;s3;s2s10;s1s10;s1s6s11;s4s12;s6d8;d7s8;d5s9s16;s11;s10;s12;s13;s14;s14;s2;s3;s15;s4;s9;s9;/rC:-.7398,-.5314,.9848;-1.5681,.1556,-2.4525;-2.7748,-2.0028,-1.3518;-.3917,-2.8657,2.6266;3.3563,4.1835,.2267;-.1599,1.5396,.0326;1.1322,1.4643,.0741;.6284,3.5816,.1361;3.8931,2.1149,.189;-1.4267,-1.7993,-.9263;-.888,-.4151,-1.336;-1.3149,-1.793,.6209;-1.0408,.4137,-.0449;-.4615,-2.9403,1.2077;-.4868,2.8433,.0735;1.6461,2.7057,.1358;2.9852,3.0191,.1858;.1704,-.5075,-1.6001;-.8258,-2.5829,-1.3967;-2.3107,-1.8453,1.0765;-2.0843,.7367,.0647;-.8947,-3.905,.9375;.5562,-2.8927,.8129;-1.1875,1.0525,-2.5624;-3.0112,-2.9012,-1.0377;-1.4335,3.2282,.0556;.1797,-3.6189,2.8878;3.6557,1.2103,.1579;4.7974,2.3521,.2222;

> <Formula>
C8 H12 N4 O5

> <Mw>
244.2047

> <SMILES>
O1[C@]([H])([C@@]([H])([C@@]([H])([C@@]1([H])C([H])([H])O[H])O[H])O[H])N1C([H])=NC(C(N([H])[H])=O)=N1

> <CSID>
34439

$$$$
