Rimantadine
  Marvin  12300703363D          

 34 36  0  0  1  0            999 V2000
   -3.0808    0.1567   -0.4666 N   0  0  0  0  0  0  0  0  0  0  0  0
   -0.5609   -0.1132   -0.3667 C   0  0  2  0  0  0  0  0  0  0  0  0
    2.0238   -0.3826   -0.3703 C   0  0  1  0  0  0  0  0  0  0  0  0
    1.0134    1.8650    0.2518 C   0  0  2  0  0  0  0  0  0  0  0  0
    0.7931   -0.1093    1.8443 C   0  0  1  0  0  0  0  0  0  0  0  0
    0.6830   -0.7847   -1.0642 C   0  0  0  0  0  0  0  0  0  0  0  0
   -0.3221    1.4451   -0.4434 C   0  0  0  0  0  0  0  0  0  0  0  0
   -0.5456   -0.5186    1.1541 C   0  0  0  0  0  0  0  0  0  0  0  0
    2.2122    1.1632   -0.4573 C   0  0  0  0  0  0  0  0  0  0  0  0
    1.9807   -0.8242    1.1265 C   0  0  0  0  0  0  0  0  0  0  0  0
    0.9720    1.4381    1.7523 C   0  0  0  0  0  0  0  0  0  0  0  0
   -1.9147   -0.5175   -1.0669 C   0  0  1  0  0  0  0  0  0  0  0  0
   -2.2741   -2.0283   -1.1314 C   0  0  0  0  0  0  0  0  0  0  0  0
    2.8617   -0.8773   -0.8713 H   0  0  0  0  0  0  0  0  0  0  0  0
    1.1401    2.9504    0.1865 H   0  0  0  0  0  0  0  0  0  0  0  0
    0.7692   -0.4102    2.8964 H   0  0  0  0  0  0  0  0  0  0  0  0
    0.7246   -0.5091   -2.1229 H   0  0  0  0  0  0  0  0  0  0  0  0
    0.6102   -1.8742   -1.0426 H   0  0  0  0  0  0  0  0  0  0  0  0
   -0.3066    1.7819   -1.4848 H   0  0  0  0  0  0  0  0  0  0  0  0
   -1.1390    1.9950    0.0317 H   0  0  0  0  0  0  0  0  0  0  0  0
   -1.3798   -0.0525    1.6870 H   0  0  0  0  0  0  0  0  0  0  0  0
   -0.6792   -1.5965    1.2729 H   0  0  0  0  0  0  0  0  0  0  0  0
    2.2776    1.4823   -1.5015 H   0  0  0  0  0  0  0  0  0  0  0  0
    3.1571    1.4584    0.0089 H   0  0  0  0  0  0  0  0  0  0  0  0
    1.8691   -1.9103    1.1980 H   0  0  0  0  0  0  0  0  0  0  0  0
    2.9251   -0.5841    1.6231 H   0  0  0  0  0  0  0  0  0  0  0  0
    0.1538    1.9479    2.2695 H   0  0  0  0  0  0  0  0  0  0  0  0
    1.8899    1.7450    2.2623 H   0  0  0  0  0  0  0  0  0  0  0  0
   -1.8792   -0.1708   -2.1037 H   0  0  0  0  0  0  0  0  0  0  0  0
   -3.2166   -2.1799   -1.6637 H   0  0  0  0  0  0  0  0  0  0  0  0
   -1.5194   -2.6001   -1.6713 H   0  0  0  0  0  0  0  0  0  0  0  0
   -2.3885   -2.4614   -0.1366 H   0  0  0  0  0  0  0  0  0  0  0  0
   -3.9009   -0.0877   -1.0265 H   0  0  0  0  0  0  0  0  0  0  0  0
   -2.9494    1.1637   -0.5733 H   0  0  0  0  0  0  0  0  0  0  0  0
  1 12  1  0  0  0  0
  1 33  1  0  0  0  0
  1 34  1  0  0  0  0
  2  6  1  0  0  0  0
  2  7  1  0  0  0  0
  2  8  1  0  0  0  0
  2 12  1  0  0  0  0
  3  6  1  0  0  0  0
  3  9  1  0  0  0  0
  3 10  1  0  0  0  0
  3 14  1  0  0  0  0
  4  7  1  0  0  0  0
  4  9  1  0  0  0  0
  4 11  1  0  0  0  0
  4 15  1  0  0  0  0
  5  8  1  0  0  0  0
  5 10  1  0  0  0  0
  5 11  1  0  0  0  0
  5 16  1  0  0  0  0
  6 17  1  0  0  0  0
  6 18  1  0  0  0  0
  7 19  1  0  0  0  0
  7 20  1  0  0  0  0
  8 21  1  0  0  0  0
  8 22  1  0  0  0  0
  9 23  1  0  0  0  0
  9 24  1  0  0  0  0
 10 25  1  0  0  0  0
 10 26  1  0  0  0  0
 11 27  1  0  0  0  0
 11 28  1  0  0  0  0
 12 13  1  0  0  0  0
 12 29  1  0  0  0  0
 13 30  1  0  0  0  0
 13 31  1  0  0  0  0
 13 32  1  0  0  0  0
M  END

> <PUBCHEM_BONDANNOTATIONS>
12  1  3

> <StdInChI>
InChI=1S/C12H21N/c1-8(13)12-5-9-2-10(6-12)4-11(3-9)7-12/h8-11H,2-7,13H2,1H3/t8-,9-,10+,11-,12-/m1/s1

> <StdInChIKey>
UBCHPRBFMUDMNC-RMPHRYRLSA-N

> <AuxInfo>
1/0/N:13,11,10,9,8,7,6,12,5,4,3,2,1/E:(2,3,4)(5,6,7)(9,10,11)/it:8+,9-,10+,11-,12-/iN:13,10,11,9,8,6,7,12,5,3,4,2,1/rA:34cNCCCCCCCCCCCCHHHHHHHHHHHHHHHHHHHHH/rB:;;;;s2s3;s2s4;s2s5;s3s4;s3s5;s4s5;s1s2;s12;s3;s4;s5;s6;s6;s7;s7;s8;s8;s9;s9;s10;s10;s11;s11;s12;s13;s13;s13;s1;s1;/rC:-3.0808,.1567,-.4666;-.5609,-.1132,-.3667;2.0238,-.3826,-.3703;1.0134,1.865,.2518;.7931,-.1093,1.8443;.683,-.7847,-1.0642;-.3221,1.4451,-.4434;-.5456,-.5186,1.1541;2.2122,1.1632,-.4573;1.9807,-.8242,1.1265;.972,1.4381,1.7523;-1.9147,-.5175,-1.0669;-2.2741,-2.0283,-1.1314;2.8617,-.8773,-.8713;1.1401,2.9504,.1865;.7692,-.4102,2.8964;.7246,-.5091,-2.1229;.6102,-1.8742,-1.0426;-.3066,1.7819,-1.4848;-1.139,1.995,.0317;-1.3798,-.0525,1.687;-.6792,-1.5965,1.2729;2.2776,1.4823,-1.5015;3.1571,1.4584,.0089;1.8691,-1.9103,1.198;2.9251,-.5841,1.6231;.1538,1.9479,2.2695;1.8899,1.745,2.2623;-1.8792,-.1708,-2.1037;-3.2166,-2.1799,-1.6637;-1.5194,-2.6001,-1.6713;-2.3885,-2.4614,-.1366;-3.9009,-.0877,-1.0265;-2.9494,1.1637,-.5733;

> <Formula>
C12 H21 N

> <Mw>
179.3018

> <SMILES>
N([H])([H])[C@]([H])(C([H])([H])[H])[C@@]12C([H])([H])[C@]3([H])C([H])([H])[C@@]([H])(C([H])([H])[C@@]([H])(C3([H])[H])C1([H])[H])C2([H])[H]

> <CSID>
4893

$$$$
