Saquinavir


 51 55  0  0001  0  0  0  0  0999 V2000
   13.8413   -3.9799    0.0000 C   0  0  0  0  0  0  0  0  0  0  0
   12.6846   -4.6465    0.0000 N   0  0  0  0  0  0  0  0  0  0  0
   13.8413   -2.6663    0.0000 O   0  0  0  0  0  0  0  0  0  0  0
   11.5279   -3.9799    0.0000 C   0  0  0  0  0  0  0  0  0  0  0
   10.3712   -4.6465    0.0000 C   0  0  0  0  0  0  0  0  0  0  0
    9.2341   -3.9799    0.0000 N   0  0  0  0  0  0  0  0  0  0  0
   10.3712   -5.9796    0.0000 O   0  0  0  0  0  0  0  0  0  0  0
    8.0774   -4.6465    0.0000 C   0  0  0  0  0  0  0  0  0  0  0
    8.0774   -5.9796    0.0000 C   0  0  0  0  0  0  0  0  0  0  0
    6.9207   -3.9799    0.0000 C   0  0  0  0  0  0  0  0  0  0  0
    5.7640   -4.6465    0.0000 C   0  0  0  0  0  0  0  0  0  0  0
    6.9207   -2.6663    0.0000 O   0  0  0  0  0  0  0  0  0  0  0
   14.9980   -4.6465    0.0000 C   0  0  0  0  0  0  0  0  0  0  0
   14.9980   -5.9796    0.0000 C   0  0  0  0  0  0  0  0  0  0  0
   16.1547   -6.6462    0.0000 C   0  0  0  0  0  0  0  0  0  0  0
   17.2919   -4.6465    0.0000 C   0  0  0  0  0  0  0  0  0  0  0
   17.2919   -5.9796    0.0000 C   0  0  0  0  0  0  0  0  0  0  0
   18.4486   -3.9799    0.0000 C   0  0  0  0  0  0  0  0  0  0  0
   18.4486   -6.6462    0.0000 C   0  0  0  0  0  0  0  0  0  0  0
   19.6053   -5.9796    0.0000 C   0  0  0  0  0  0  0  0  0  0  0
   19.6053   -4.6465    0.0000 C   0  0  0  0  0  0  0  0  0  0  0
   16.1547   -3.9799    0.0000 N   0  0  0  0  0  0  0  0  0  0  0
    9.2341   -6.6462    0.0000 C   0  0  0  0  0  0  0  0  0  0  0
    9.2341   -8.9596    0.0000 C   0  0  0  0  0  0  0  0  0  0  0
   10.5672   -8.9596    0.0000 C   0  0  0  0  0  0  0  0  0  0  0
   11.2142   -7.8029    0.0000 C   0  0  0  0  0  0  0  0  0  0  0
   10.5672   -6.6462    0.0000 C   0  0  0  0  0  0  0  0  0  0  0
    8.5675   -7.8029    0.0000 C   0  0  0  0  0  0  0  0  0  0  0
    4.6072   -3.9799    0.0000 N   0  0  0  0  0  0  0  0  0  0  0
    3.4505   -1.9997    0.0000 C   0  0  0  0  0  0  0  0  0  0  0
    2.3134   -2.6663    0.0000 C   0  0  0  0  0  0  0  0  0  0  0
    2.3134   -3.9799    0.0000 C   0  0  0  0  0  0  0  0  0  0  0
    3.4505   -4.6465    0.0000 C   0  0  0  0  0  0  0  0  0  0  0
    4.6072   -2.6663    0.0000 C   0  0  0  0  0  0  0  0  0  0  0
    3.4505   -5.9796    0.0000 C   0  0  0  0  0  0  0  0  0  0  0
    4.6072   -6.6462    0.0000 O   0  0  0  0  0  0  0  0  0  0  0
    2.3134   -6.6462    0.0000 N   0  0  0  0  0  0  0  0  0  0  0
    1.1567   -5.9796    0.0000 C   0  0  0  0  0  0  0  0  0  0  0
    0.0000   -6.6462    0.0000 C   0  0  0  0  0  0  0  0  0  0  0
    1.1567   -4.6465    0.0000 C   0  0  0  0  0  0  0  0  0  0  0
    0.0000   -5.3130    0.0000 C   0  0  0  0  0  0  0  0  0  0  0
    2.3134    0.0000    0.0000 C   0  0  0  0  0  0  0  0  0  0  0
    1.1567   -0.6666    0.0000 C   0  0  0  0  0  0  0  0  0  0  0
    1.1567   -1.9997    0.0000 C   0  0  0  0  0  0  0  0  0  0  0
    3.4505   -0.6666    0.0000 C   0  0  0  0  0  0  0  0  0  0  0
    4.6072   -1.3332    0.0000 H   0  0  0  0  0  0  0  0  0  0  0
    1.1567   -3.3329    0.0000 H   0  0  0  0  0  0  0  0  0  0  0
   11.5279   -2.6663    0.0000 C   0  0  0  0  0  0  0  0  0  0  0
   11.8808   -1.3724    0.0000 C   0  0  0  0  0  0  0  0  0  0  0
   10.9397   -0.4313    0.0000 O   0  0  0  0  0  0  0  0  0  0  0
   13.1551   -1.0195    0.0000 N   0  0  0  0  0  0  0  0  0  0  0
  1 13  1  0
  1  2  1  0
  1  3  2  0
  2  4  1  0
  4  5  1  0
  4 48  1  6
  5  6  1  0
  5  7  2  0
  6  8  1  0
  8  9  1  1
  8 10  1  0
  9 23  1  0
 10 11  1  0
 10 12  1  1
 11 29  1  0
 13 22  1  0
 13 14  2  0
 14 15  1  0
 15 17  2  0
 16 22  2  0
 16 18  1  0
 16 17  1  0
 17 19  1  0
 18 21  2  0
 19 20  2  0
 20 21  1  0
 23 28  1  0
 23 27  2  0
 24 25  1  0
 24 28  2  0
 25 26  2  0
 26 27  1  0
 29 34  1  0
 29 33  1  0
 30 34  1  0
 30 45  1  0
 30 31  1  0
 30 46  1  1
 31 32  1  0
 31 44  1  0
 31 47  1  1
 32 33  1  0
 33 35  1  6
 35 36  2  0
 35 37  1  0
 37 38  1  0
 38 39  1  0
 38 40  1  0
 38 41  1  0
 42 43  1  0
 42 45  1  0
 43 44  1  0
 48 49  1  0
 49 50  2  0
 49 51  1  0
M  END

> <StdInChI>
InChI=1S/C38H50N6O5/c1-38(2,3)43-37(49)32-20-26-14-7-8-15-27(26)22-44(32)23-33(45)30(19-24-11-5-4-6-12-24)41-36(48)31(21-34(39)46)42-35(47)29-18-17-25-13-9-10-16-28(25)40-29/h4-6,9-13,16-18,26-27,30-33,45H,7-8,14-15,19-23H2,1-3H3,(H2,39,46)(H,41,48)(H,42,47)(H,43,49)/t26-,27+,30-,31-,32-,33+/m0/s1

> <StdInChIKey>
QWAXKHKRTORLEM-UGJKXSETSA-N

> <AuxInfo>
1/1/N:39,40,41,25,24,26,43,42,20,21,28,27,19,44,45,18,15,14,9,32,48,34,11,23,17,31,30,16,13,8,4,33,10,49,1,5,35,38,51,22,6,2,37,29,12,50,3,7,36/E:(1,2,3)(5,6)(11,12)/it:im/rA:51cCNOCCNOCCCCOCCCCCCCCCNCCCCCCNCCCCCCONCCCCCCCCHHCCON/rB:s1;d1;s2;s4;s5;d5;s6;P8;s8;s10;P10;s1;d13;s14;;d15s16;s16;s17;d19;d18s20;s13d16;s9;;s24;d25;d23s26;s23d24;s11;;s30;s31;s29s32;s29s30;N33;d35;s35;s37;s38;s38;s38;;s42;s31s43;s30s42;P30;P31;N4;s48;d49;s49;/rC:13.8413,-3.9799,0;12.6846,-4.6465,0;13.8413,-2.6663,0;11.5279,-3.9799,0;10.3712,-4.6465,0;9.2341,-3.9799,0;10.3712,-5.9796,0;8.0774,-4.6465,0;8.0774,-5.9796,0;6.9207,-3.9799,0;5.764,-4.6465,0;6.9207,-2.6663,0;14.998,-4.6465,0;14.998,-5.9796,0;16.1547,-6.6462,0;17.2919,-4.6465,0;17.2919,-5.9796,0;18.4486,-3.9799,0;18.4486,-6.6462,0;19.6053,-5.9796,0;19.6053,-4.6465,0;16.1547,-3.9799,0;9.2341,-6.6462,0;9.2341,-8.9596,0;10.5672,-8.9596,0;11.2142,-7.8029,0;10.5672,-6.6462,0;8.5675,-7.8029,0;4.6072,-3.9799,0;3.4505,-1.9997,0;2.3134,-2.6663,0;2.3134,-3.9799,0;3.4505,-4.6465,0;4.6072,-2.6663,0;3.4505,-5.9796,0;4.6072,-6.6462,0;2.3134,-6.6462,0;1.1567,-5.9796,0;0,-6.6462,0;1.1567,-4.6465,0;0,-5.313,0;2.3134,0,0;1.1567,-.6666,0;1.1567,-1.9997,0;3.4505,-.6666,0;4.6072,-1.3332,0;1.1567,-3.3329,0;11.5279,-2.6663,0;11.8808,-1.3724,0;10.9397,-.4313,0;13.1551,-1.0195,0;

> <Formula>
C38 H50 N6 O5

> <Mw>
670.8408

> <SMILES>
C(=O)(N[C@@H](CC(N)=O)C(=O)N[C@H]([C@H](O)CN1[C@H](C(NC(C)(C)C)=O)C[C@]2([H])CCCC[C@]2([H])C1)CC1=CC=CC=C1)C1=CC=C2C=CC=CC2=N1

> <CSID>
390016

$$$$
