Sofosbuvir
  1019              3D

 65 67  0  0  1  0  0  0  0  0999 V2000
    6.3869   -8.2224   -1.8365 O   0  0  0  0  0  0  0  0  0  0  0  0
    5.6263   -8.8577   -1.1040 C   0  0  0  0  0  0  0  0  0  0  0  0
    5.9801   -9.3747    0.1354 N   0  0  0  0  0  0  0  0  0  0  0  0
    5.2144  -10.4658    0.6080 C   0  0  0  0  0  0  0  0  0  0  0  0
    3.9891  -10.7466    0.1336 C   0  0  0  0  0  0  0  0  0  0  0  0
    3.4638   -9.8566   -0.8440 C   0  0  0  0  0  0  0  0  0  0  0  0
    4.3183   -9.0802   -1.5122 N   0  0  0  0  0  0  0  0  0  0  0  0
    2.2348   -9.7676   -1.0045 O   0  0  0  0  0  0  0  0  0  0  0  0
    6.6794   -8.5216    1.1666 C   0  0  0  0  0  0  0  0  0  0  0  0
    8.0701   -7.9222    0.8322 C   0  0  0  0  0  0  0  0  0  0  0  0
    8.3549   -9.2186    0.4831 F   0  0  0  0  0  0  0  0  0  0  0  0
    7.3624   -6.5431    0.4682 C   0  0  0  0  0  0  0  0  0  0  0  0
    5.9991   -6.3850    1.0744 C   0  0  0  0  0  0  0  0  0  0  0  0
    5.7012   -7.6229    1.6149 O   0  0  0  0  0  0  0  0  0  0  0  0
    4.8703   -5.9490    0.0566 C   0  0  0  0  0  0  0  0  0  0  0  0
    4.9862   -4.5952   -0.1396 O   0  0  0  0  0  0  0  0  0  0  0  0
    4.3215   -3.6291   -1.2682 P   0  0  0  0  0  0  0  0  0  0  0  0
    5.5520   -3.0003   -2.0725 O   0  0  0  0  0  0  0  0  0  0  0  0
    6.7909   -3.5808   -2.0997 C   0  0  0  0  0  0  0  0  0  0  0  0
    7.1580   -4.6201   -2.9559 C   0  0  0  0  0  0  0  0  0  0  0  0
    8.5163   -4.9464   -3.0062 C   0  0  0  0  0  0  0  0  0  0  0  0
    9.4638   -4.2637   -2.2444 C   0  0  0  0  0  0  0  0  0  0  0  0
    9.0406   -3.2569   -1.3933 C   0  0  0  0  0  0  0  0  0  0  0  0
    7.6976   -2.9070   -1.3084 C   0  0  0  0  0  0  0  0  0  0  0  0
    3.8275   -2.8631    0.2059 N   0  0  0  0  0  0  0  0  0  0  0  0
    2.5642   -3.3415    0.9060 C   0  0  0  0  0  0  0  0  0  0  0  0
    2.7921   -3.8679    2.3369 C   0  0  0  0  0  0  0  0  0  0  0  0
    4.0916   -4.0440    2.6398 O   0  0  0  0  0  0  0  0  0  0  0  0
    4.6513   -3.9462    3.9803 C   0  0  0  0  0  0  0  0  0  0  0  0
    5.8001   -2.9467    3.8787 C   0  0  0  0  0  0  0  0  0  0  0  0
    3.6744   -3.5439    5.0792 C   0  0  0  0  0  0  0  0  0  0  0  0
    1.8556   -4.1954    3.0747 O   0  0  0  0  0  0  0  0  0  0  0  0
    1.6109   -4.3580    0.2235 C   0  0  0  0  0  0  0  0  0  0  0  0
    2.9372   -3.1725   -1.8844 O   0  0  0  0  0  0  0  0  0  0  0  0
    8.1727   -5.4457    0.9758 O   0  0  0  0  0  0  0  0  0  0  0  0
    9.2048   -7.6515   -0.2554 C   0  0  0  0  0  0  0  0  0  0  0  0
    4.0022   -8.5109   -2.2591 H   0  0  0  0  0  0  0  0  0  0  0  0
    5.6335  -11.0433    1.4296 H   0  0  0  0  0  0  0  0  0  0  0  0
    6.8366   -9.2342    2.0237 H   0  0  0  0  0  0  0  0  0  0  0  0
    3.4210  -11.5514    0.5263 H   0  0  0  0  0  0  0  0  0  0  0  0
    7.2970   -6.3597   -0.6440 H   0  0  0  0  0  0  0  0  0  0  0  0
    9.6548   -6.6721   -0.1543 H   0  0  0  0  0  0  0  0  0  0  0  0
   10.0195   -8.3599   -0.1072 H   0  0  0  0  0  0  0  0  0  0  0  0
    8.8198   -7.7877   -1.2309 H   0  0  0  0  0  0  0  0  0  0  0  0
    6.0446   -5.6709    1.8734 H   0  0  0  0  0  0  0  0  0  0  0  0
    7.7048   -4.6142    0.7713 H   0  0  0  0  0  0  0  0  0  0  0  0
    4.9166   -6.4479   -0.8710 H   0  0  0  0  0  0  0  0  0  0  0  0
    3.9430   -6.0500    0.5212 H   0  0  0  0  0  0  0  0  0  0  0  0
    4.5684   -2.9840    0.8921 H   0  0  0  0  0  0  0  0  0  0  0  0
    6.4638   -5.1815   -3.5518 H   0  0  0  0  0  0  0  0  0  0  0  0
    7.3719   -2.1421   -0.6342 H   0  0  0  0  0  0  0  0  0  0  0  0
    8.8758   -5.7326   -3.6722 H   0  0  0  0  0  0  0  0  0  0  0  0
   10.5278   -4.4918   -2.3139 H   0  0  0  0  0  0  0  0  0  0  0  0
    9.7615   -2.6977   -0.7863 H   0  0  0  0  0  0  0  0  0  0  0  0
    1.9601   -2.4324    1.0516 H   0  0  0  0  0  0  0  0  0  0  0  0
    1.5885   -5.3397    0.7294 H   0  0  0  0  0  0  0  0  0  0  0  0
    0.5747   -3.9876    0.2322 H   0  0  0  0  0  0  0  0  0  0  0  0
    1.8559   -4.5772   -0.8167 H   0  0  0  0  0  0  0  0  0  0  0  0
    5.0552   -4.9456    4.2192 H   0  0  0  0  0  0  0  0  0  0  0  0
    6.1298   -2.6076    4.8660 H   0  0  0  0  0  0  0  0  0  0  0  0
    6.6644   -3.4170    3.4203 H   0  0  0  0  0  0  0  0  0  0  0  0
    5.5473   -2.0559    3.2944 H   0  0  0  0  0  0  0  0  0  0  0  0
    4.2135   -3.3553    6.0171 H   0  0  0  0  0  0  0  0  0  0  0  0
    3.1088   -2.6345    4.8358 H   0  0  0  0  0  0  0  0  0  0  0  0
    2.9956   -4.3632    5.3079 H   0  0  0  0  0  0  0  0  0  0  0  0
  1  2  2  0  0  0  0
  2  3  1  0  0  0  0
  2  7  1  0  0  0  0
  3  4  1  0  0  0  0
  9  3  1  0  0  0  0
  4  5  2  0  0  0  0
  5  6  1  0  0  0  0
  6  7  1  0  0  0  0
  6  8  2  0  0  0  0
  9 10  1  0  0  0  0
  9 14  1  0  0  0  0
 10 11  1  0  0  0  0
 10 12  1  0  0  0  0
 10 36  1  0  0  0  0
 12 13  1  0  0  0  0
 12 35  1  0  0  0  0
 13 14  1  0  0  0  0
 13 15  1  0  0  0  0
 15 16  1  0  0  0  0
 16 17  1  0  0  0  0
 17 18  1  0  0  0  0
 17 25  1  0  0  0  0
 17 34  2  0  0  0  0
 18 19  1  0  0  0  0
 19 20  2  0  0  0  0
 19 24  1  0  0  0  0
 20 21  1  0  0  0  0
 21 22  2  0  0  0  0
 22 23  1  0  0  0  0
 23 24  2  0  0  0  0
 25 26  1  0  0  0  0
 26 27  1  0  0  0  0
 26 33  1  0  0  0  0
 27 28  1  0  0  0  0
 27 32  2  0  0  0  0
 28 29  1  0  0  0  0
 29 30  1  0  0  0  0
 29 31  1  0  0  0  0
  7 37  1  0  0  0  0
  4 38  1  0  0  0  0
  9 39  1  0  0  0  0
  5 40  1  0  0  0  0
 12 41  1  0  0  0  0
 36 42  1  0  0  0  0
 36 43  1  0  0  0  0
 36 44  1  0  0  0  0
 13 45  1  0  0  0  0
 35 46  1  0  0  0  0
 15 47  1  0  0  0  0
 15 48  1  0  0  0  0
 25 49  1  0  0  0  0
 20 50  1  0  0  0  0
 24 51  1  0  0  0  0
 21 52  1  0  0  0  0
 22 53  1  0  0  0  0
 23 54  1  0  0  0  0
 26 55  1  0  0  0  0
 33 56  1  0  0  0  0
 33 57  1  0  0  0  0
 33 58  1  0  0  0  0
 29 59  1  0  0  0  0
 30 60  1  0  0  0  0
 30 61  1  0  0  0  0
 30 62  1  0  0  0  0
 31 63  1  0  0  0  0
 31 64  1  0  0  0  0
 31 65  1  0  0  0  0
M  END

> <energy>
368.32790283800051

> <StdInChI>
InChI=1S/C22H29FN3O9P/c1-13(2)33-19(29)14(3)25-36(31,35-15-8-6-5-7-9-15)32-12-16-18(28)22(4,23)20(34-16)26-11-10-17(27)24-21(26)30/h5-11,13-14,16,18,20,28H,12H2,1-4H3,(H,25,31)(H,24,27,30)/t14-,16+,18+,20+,22?,36-/m0/s1

> <StdInChIKey>
TTZHDVOVKQGIBA-QEJPPKSMSA-N

> <AuxInfo>
1/1/N:30,31,33,36,22,21,23,20,24,5,4,15,29,26,19,13,6,12,27,9,2,10,11,7,25,3,8,35,32,1,34,16,28,14,18,17/E:(1,2)(6,7)(8,9)/it:im/rA:65cOCNCCCNOCCFCCOCOPOCCCCCCNCCOCCCOCOOCHHHHHHHHHHHHHHHHHHHHHHHHHHHHH/rB:d1;s2;s3;d4;s5;s2s6;d6;s3;s9;s10;s10;s12;s9s13;s13;s15;s16;s17;s18;d19;s20;d21;s22;s19d23;s17;s25;s26;s27;s28;s29;s29;d27;s26;d17;s12;s10;s7;s4;s9;s5;s12;s36;s36;s36;s13;s35;s15;s15;s25;s20;s24;s21;s22;s23;s26;s33;s33;s33;s29;s30;s30;s30;s31;s31;s31;/rC:6.3869,-8.2224,-1.8365;5.6263,-8.8577,-1.104;5.9801,-9.3747,.1354;5.2144,-10.4658,.608;3.9891,-10.7466,.1336;3.4638,-9.8566,-.844;4.3183,-9.0802,-1.5122;2.2348,-9.7676,-1.0045;6.6794,-8.5216,1.1666;8.0701,-7.9222,.8322;8.3549,-9.2186,.4831;7.3624,-6.5431,.4682;5.9991,-6.385,1.0744;5.7012,-7.6229,1.6149;4.8703,-5.949,.0566;4.9862,-4.5952,-.1396;4.3215,-3.6291,-1.2682;5.552,-3.0003,-2.0725;6.7909,-3.5808,-2.0997;7.158,-4.6201,-2.9559;8.5163,-4.9464,-3.0062;9.4638,-4.2637,-2.2444;9.0406,-3.2569,-1.3933;7.6976,-2.907,-1.3084;3.8275,-2.8631,.2059;2.5642,-3.3415,.906;2.7921,-3.8679,2.3369;4.0916,-4.044,2.6398;4.6513,-3.9462,3.9803;5.8001,-2.9467,3.8787;3.6744,-3.5439,5.0792;1.8556,-4.1954,3.0747;1.6109,-4.358,.2235;2.9372,-3.1725,-1.8844;8.1727,-5.4457,.9758;9.2048,-7.6515,-.2554;4.0022,-8.5109,-2.2591;5.6335,-11.0433,1.4296;6.8366,-9.2342,2.0237;3.421,-11.5514,.5263;7.297,-6.3597,-.644;9.6548,-6.6721,-.1543;10.0195,-8.3599,-.1072;8.8198,-7.7877,-1.2309;6.0446,-5.6709,1.8734;7.7048,-4.6142,.7713;4.9166,-6.4479,-.871;3.943,-6.05,.5212;4.5684,-2.984,.8921;6.4638,-5.1815,-3.5518;7.3719,-2.1421,-.6342;8.8758,-5.7326,-3.6722;10.5278,-4.4918,-2.3139;9.7615,-2.6977,-.7863;1.9601,-2.4324,1.0516;1.5885,-5.3397,.7294;.5747,-3.9876,.2322;1.8559,-4.5772,-.8167;5.0552,-4.9456,4.2192;6.1298,-2.6076,4.866;6.6644,-3.417,3.4203;5.5473,-2.0559,3.2944;4.2135,-3.3553,6.0171;3.1088,-2.6345,4.8358;2.9956,-4.3632,5.3079;

> <Formula>
C22 H29 F N3 O9 P

> <Mw>
529.4525

> <SMILES>
O=C1N([H])C(=O)C([H])=C([H])N1[C@]1([H])O[C@]([H])(C([H])([H])O[P@@](=O)([N@]([H])[C@@]([H])(C([H])([H])[H])C(=O)OC([H])(C([H])([H])[H])C([H])([H])[H])OC2C([H])=C([H])C([H])=C([H])C=2[H])[C@@]([H])(O[H])[C@@]1(C([H])([H])[H])F

> <CSID>
26286922

$$$$
