Stavudine
  Marvin  12300703363D          

 28 29  0  0  1  0            999 V2000
   -0.5660   -1.7185   -0.8462 O   0  0  0  0  0  0  0  0  0  0  0  0
   -3.1835   -2.8400   -0.7970 O   0  0  0  0  0  0  0  0  0  0  0  0
   -1.8361    0.5146   -0.0351 O   0  0  0  0  0  0  0  0  0  0  0  0
    0.0708    4.3136   -0.2243 O   0  0  0  0  0  0  0  0  0  0  0  0
    0.4271    0.4241   -0.2847 N   0  0  0  0  0  0  0  0  0  0  0  0
   -0.8202    2.3606   -0.2690 N   0  0  0  0  0  0  0  0  0  0  0  0
    0.5560   -0.9936   -0.3166 C   0  0  1  0  0  0  0  0  0  0  0  0
   -0.8919   -2.8014    0.0361 C   0  0  1  0  0  0  0  0  0  0  0  0
    0.7793   -1.5841    0.9744 C   0  0  0  0  0  0  0  0  0  0  0  0
   -0.0328   -2.6153    1.1693 C   0  0  0  0  0  0  0  0  0  0  0  0
   -2.3964   -2.7711    0.3866 C   0  0  0  0  0  0  0  0  0  0  0  0
    1.5334    1.1811   -0.3354 C   0  0  0  0  0  0  0  0  0  0  0  0
   -0.7529    1.0546   -0.2015 C   0  0  0  0  0  0  0  0  0  0  0  0
    1.5084    2.5370   -0.3341 C   0  0  0  0  0  0  0  0  0  0  0  0
    0.2543    3.1050   -0.2785 C   0  0  0  0  0  0  0  0  0  0  0  0
    2.7199    3.3450   -0.3900 C   0  0  0  0  0  0  0  0  0  0  0  0
    1.3848   -1.3028   -0.9652 H   0  0  0  0  0  0  0  0  0  0  0  0
   -0.6431   -3.7466   -0.4547 H   0  0  0  0  0  0  0  0  0  0  0  0
    1.4591   -1.2759    1.6296 H   0  0  0  0  0  0  0  0  0  0  0  0
   -0.0381   -3.1817    1.9850 H   0  0  0  0  0  0  0  0  0  0  0  0
   -2.6578   -3.6164    1.0264 H   0  0  0  0  0  0  0  0  0  0  0  0
   -2.6569   -1.8512    0.9141 H   0  0  0  0  0  0  0  0  0  0  0  0
    2.4263    0.7401   -0.3756 H   0  0  0  0  0  0  0  0  0  0  0  0
   -1.6605    2.7725   -0.3072 H   0  0  0  0  0  0  0  0  0  0  0  0
    2.6867    4.0073   -1.2573 H   0  0  0  0  0  0  0  0  0  0  0  0
    2.8041    3.9529    0.5128 H   0  0  0  0  0  0  0  0  0  0  0  0
    3.6377    2.7578   -0.4716 H   0  0  0  0  0  0  0  0  0  0  0  0
   -4.1116   -2.7675   -0.4901 H   0  0  0  0  0  0  0  0  0  0  0  0
  1  7  1  0  0  0  0
  1  8  1  0  0  0  0
  2 11  1  0  0  0  0
  2 28  1  0  0  0  0
  3 13  2  0  0  0  0
  4 15  2  0  0  0  0
  7  5  1  0  0  0  0
  5 12  1  0  0  0  0
  5 13  1  0  0  0  0
  6 13  1  0  0  0  0
  6 15  1  0  0  0  0
  6 24  1  0  0  0  0
  7  9  1  0  0  0  0
  7 17  1  0  0  0  0
  8 10  1  0  0  0  0
  8 11  1  0  0  0  0
  8 18  1  0  0  0  0
  9 10  2  0  0  0  0
  9 19  1  0  0  0  0
 10 20  1  0  0  0  0
 11 21  1  0  0  0  0
 11 22  1  0  0  0  0
 12 14  2  0  0  0  0
 12 23  1  0  0  0  0
 14 15  1  0  0  0  0
 14 16  1  0  0  0  0
 16 25  1  0  0  0  0
 16 26  1  0  0  0  0
 16 27  1  0  0  0  0
M  END

> <PUBCHEM_BONDANNOTATIONS>
12  14  8
14  15  8
5  12  8
5  13  8
7  5  6
6  13  8
6  15  8
8  11  6

> <StdInChI>
InChI=1S/C10H12N2O4/c1-6-4-12(10(15)11-9(6)14)8-3-2-7(5-13)16-8/h2-4,7-8,13H,5H2,1H3,(H,11,14,15)/t7-,8+/m0/s1

> <StdInChIKey>
XNKLLVCARDGLGL-JGVFFNPUSA-N

> <AuxInfo>
1/1/N:16,10,9,12,11,14,8,7,15,13,6,5,2,4,3,1/it:im/rA:28cOOOONNCCCCCCCCCCHHHHHHHHHHHH/rB:;;;;;s1s5;s1;s7;s8d9;s2s8;s5;d3s5s6;d12;d4s6s14;s14;s7;s8;s9;s10;s11;s11;s12;s6;s16;s16;s16;s2;/rC:-.566,-1.7185,-.8462;-3.1835,-2.84,-.797;-1.8361,.5146,-.0351;.0708,4.3136,-.2243;.4271,.4241,-.2847;-.8202,2.3606,-.269;.556,-.9936,-.3166;-.8919,-2.8014,.0361;.7793,-1.5841,.9744;-.0328,-2.6153,1.1693;-2.3964,-2.7711,.3866;1.5334,1.1811,-.3354;-.7529,1.0546,-.2015;1.5084,2.537,-.3341;.2543,3.105,-.2785;2.7199,3.345,-.39;1.3848,-1.3028,-.9652;-.6431,-3.7466,-.4547;1.4591,-1.2759,1.6296;-.0381,-3.1817,1.985;-2.6578,-3.6164,1.0264;-2.6569,-1.8512,.9141;2.4263,.7401,-.3756;-1.6605,2.7725,-.3072;2.6867,4.0073,-1.2573;2.8041,3.9529,.5128;3.6377,2.7578,-.4716;-4.1116,-2.7675,-.4901;

> <Formula>
C10 H12 N2 O4

> <Mw>
224.2133

> <SMILES>
O1[C@]([H])(C([H])([H])O[H])C([H])=C([H])[C@]1([H])N1C(N([H])C(C(C([H])([H])[H])=C1[H])=O)=O

> <CSID>
17270

$$$$
