Taribavirin
  1019              3D

 30 31  0  0  1  0  0  0  0  0999 V2000
    4.3115   -6.3893    0.2208 O   0  0  0  0  0  0  0  0  0  0  0  0
    3.1292   -7.1935    0.3677 C   0  0  0  0  0  0  0  0  0  0  0  0
    2.0136   -6.3015   -0.1562 C   0  0  0  0  0  0  0  0  0  0  0  0
    2.4437   -4.9102    0.3003 C   0  0  0  0  0  0  0  0  0  0  0  0
    3.9226   -5.0851    0.6809 C   0  0  0  0  0  0  0  0  0  0  0  0
    0.7531   -6.6781    0.3562 O   0  0  0  0  0  0  0  0  0  0  0  0
    1.7142   -4.4843    1.4438 O   0  0  0  0  0  0  0  0  0  0  0  0
    3.2820   -8.5431   -0.3181 C   0  0  0  0  0  0  0  0  0  0  0  0
    3.4364   -8.4033   -1.7227 O   0  0  0  0  0  0  0  0  0  0  0  0
    4.8544   -4.1030    0.1775 N   0  0  0  0  0  0  0  0  0  0  0  0
    5.9704   -3.6469    0.8173 C   0  0  0  0  0  0  0  0  0  0  0  0
    6.4359   -2.5887    0.1981 N   0  0  0  0  0  0  0  0  0  0  0  0
    5.5668   -2.4419   -0.8530 C   0  0  0  0  0  0  0  0  0  0  0  0
    4.6146   -3.3840   -0.9325 N   0  0  0  0  0  0  0  0  0  0  0  0
    5.6454   -1.3342   -1.7697 C   0  0  0  0  0  0  0  0  0  0  0  0
    6.7596   -1.0791   -2.3732 N   0  0  0  0  0  0  0  0  0  0  0  0
    4.4637   -0.6364   -1.8598 N   0  0  0  0  0  0  0  0  0  0  0  0
    2.9863   -7.3860    1.4391 H   0  0  0  0  0  0  0  0  0  0  0  0
    4.0317   -5.0812    1.7714 H   0  0  0  0  0  0  0  0  0  0  0  0
    1.9796   -6.3211   -1.2515 H   0  0  0  0  0  0  0  0  0  0  0  0
    4.1590   -9.0721    0.0700 H   0  0  0  0  0  0  0  0  0  0  0  0
    2.4023   -9.1694   -0.1206 H   0  0  0  0  0  0  0  0  0  0  0  0
    2.2715   -4.1795   -0.4984 H   0  0  0  0  0  0  0  0  0  0  0  0
    0.4117   -7.3968   -0.2006 H   0  0  0  0  0  0  0  0  0  0  0  0
    1.8105   -3.5183    1.5004 H   0  0  0  0  0  0  0  0  0  0  0  0
    3.0432   -9.1916   -2.1380 H   0  0  0  0  0  0  0  0  0  0  0  0
    6.3570   -4.0844    1.7255 H   0  0  0  0  0  0  0  0  0  0  0  0
    7.4881   -1.7489   -2.1045 H   0  0  0  0  0  0  0  0  0  0  0  0
    4.4630    0.0915   -2.5727 H   0  0  0  0  0  0  0  0  0  0  0  0
    4.1385   -0.2292   -0.9828 H   0  0  0  0  0  0  0  0  0  0  0  0
  1  2  1  0  0  0  0
  1  5  1  0  0  0  0
  2  3  1  0  0  0  0
  2  8  1  0  0  0  0
  3  4  1  0  0  0  0
  3  6  1  0  0  0  0
  4  5  1  0  0  0  0
  4  7  1  0  0  0  0
  5 10  1  0  0  0  0
  8  9  1  0  0  0  0
 10 11  1  0  0  0  0
 10 14  1  0  0  0  0
 11 12  2  0  0  0  0
 12 13  1  0  0  0  0
 13 14  2  0  0  0  0
 13 15  1  0  0  0  0
 15 16  2  0  0  0  0
 15 17  1  0  0  0  0
  2 18  1  0  0  0  0
  5 19  1  0  0  0  0
  3 20  1  0  0  0  0
  8 21  1  0  0  0  0
  8 22  1  0  0  0  0
  4 23  1  0  0  0  0
  6 24  1  0  0  0  0
  7 25  1  0  0  0  0
  9 26  1  0  0  0  0
 11 27  1  0  0  0  0
 16 28  1  0  0  0  0
 17 29  1  0  0  0  0
 17 30  1  0  0  0  0
M  END

> <energy>
51.212929711754995

> <StdInChI>
InChI=1S/C8H13N5O4/c9-6(10)7-11-2-13(12-7)8-5(16)4(15)3(1-14)17-8/h2-5,8,14-16H,1H2,(H3,9,10)/t3-,4-,5-,8-/m1/s1

> <StdInChIKey>
NHKZSTHOYNWEEZ-AFCXAGJDSA-N

> <AuxInfo>
1/1/N:8,11,2,3,4,15,13,5,16,17,12,14,10,9,6,7,1/E:(9,10)/it:im/rA:30cOCCCCOOCONCNCNCNNHHHHHHHHHHHHH/rB:s1;s2;s3;s1s4;s3;s4;s2;s8;s5;s10;d11;s12;s10d13;s13;d15;s15;s2;s5;s3;s8;s8;s4;s6;s7;s9;s11;s16;s17;s17;/rC:4.3115,-6.3893,.2208;3.1292,-7.1935,.3677;2.0136,-6.3015,-.1562;2.4437,-4.9102,.3003;3.9226,-5.0851,.6809;.7531,-6.6781,.3562;1.7142,-4.4843,1.4438;3.282,-8.5431,-.3181;3.4364,-8.4033,-1.7227;4.8544,-4.103,.1775;5.9704,-3.6469,.8173;6.4359,-2.5887,.1981;5.5668,-2.4419,-.853;4.6146,-3.384,-.9325;5.6454,-1.3342,-1.7697;6.7596,-1.0791,-2.3732;4.4637,-.6364,-1.8598;2.9863,-7.386,1.4391;4.0317,-5.0812,1.7714;1.9796,-6.3211,-1.2515;4.159,-9.0721,.07;2.4023,-9.1694,-.1206;2.2715,-4.1795,-.4984;.4117,-7.3968,-.2006;1.8105,-3.5183,1.5004;3.0432,-9.1916,-2.138;6.357,-4.0844,1.7255;7.4881,-1.7489,-2.1045;4.463,.0915,-2.5727;4.1385,-.2292,-.9828;

> <Formula>
C8 H13 N5 O4

> <Mw>
243.2199

> <SMILES>
O1[C@@]([H])(N2N=C(/C(/N([H])[H])=N\[H])N=C2[H])[C@]([H])(O[H])[C@]([H])(O[H])[C@@]1([H])C([H])([H])O[H]

> <CSID>
397669

$$$$
