Tenofovir
  1019              3D

 33 34  0  0  1  0  0  0  0  0999 V2000
    0.2344   -1.0983   -0.2233 N   0  0  0  0  0  0  0  0  0  0  0  0
    1.1877   -0.1396   -0.2760 C   0  0  0  0  0  0  0  0  0  0  0  0
    2.5260   -0.2799   -0.2380 N   0  0  0  0  0  0  0  0  0  0  0  0
    2.8608   -1.5756   -0.1390 C   0  0  0  0  0  0  0  0  0  0  0  0
    2.0005   -2.6604   -0.0838 C   0  0  0  0  0  0  0  0  0  0  0  0
    0.6216   -2.4030   -0.1232 C   0  0  0  0  0  0  0  0  0  0  0  0
   -0.3347   -3.4278   -0.0430 N   0  0  0  0  0  0  0  0  0  0  0  0
    4.1138   -2.1118   -0.0360 N   0  0  0  0  0  0  0  0  0  0  0  0
    3.9739   -3.4688    0.0361 C   0  0  0  0  0  0  0  0  0  0  0  0
    2.7095   -3.8340    0.0137 N   0  0  0  0  0  0  0  0  0  0  0  0
    5.3595   -1.3708    0.0357 C   0  0  0  0  0  0  0  0  0  0  0  0
    5.5746   -0.7264    1.4127 C   0  0  0  0  0  0  0  0  0  0  0  0
    6.2635   -1.6574    2.4073 C   0  0  0  0  0  0  0  0  0  0  0  0
    6.2413    0.5358    1.3117 O   0  0  0  0  0  0  0  0  0  0  0  0
    7.5700    0.4992    0.8143 C   0  0  0  0  0  0  0  0  0  0  0  0
    8.0402    2.2107    0.6407 P   0  0  0  0  0  0  0  0  0  0  0  0
    9.3849    2.4278    0.0144 O   0  0  0  0  0  0  0  0  0  0  0  0
    7.8841    2.8120    2.1342 O   0  0  0  0  0  0  0  0  0  0  0  0
    6.8092    2.8887   -0.1600 O   0  0  0  0  0  0  0  0  0  0  0  0
    0.8226    0.8800   -0.3527 H   0  0  0  0  0  0  0  0  0  0  0  0
    0.0922   -4.3503   -0.0631 H   0  0  0  0  0  0  0  0  0  0  0  0
   -1.0125   -3.3430   -0.7968 H   0  0  0  0  0  0  0  0  0  0  0  0
    4.8203   -4.1363    0.1197 H   0  0  0  0  0  0  0  0  0  0  0  0
    6.1732   -2.0608   -0.2146 H   0  0  0  0  0  0  0  0  0  0  0  0
    5.3182   -0.6134   -0.7552 H   0  0  0  0  0  0  0  0  0  0  0  0
    4.5998   -0.4767    1.8486 H   0  0  0  0  0  0  0  0  0  0  0  0
    6.4620   -1.1354    3.3496 H   0  0  0  0  0  0  0  0  0  0  0  0
    5.6217   -2.5152    2.6359 H   0  0  0  0  0  0  0  0  0  0  0  0
    7.2112   -2.0452    2.0218 H   0  0  0  0  0  0  0  0  0  0  0  0
    8.2364    0.0042    1.5259 H   0  0  0  0  0  0  0  0  0  0  0  0
    7.6235    0.0002   -0.1570 H   0  0  0  0  0  0  0  0  0  0  0  0
    7.8533    3.7854    2.2533 H   0  0  0  0  0  0  0  0  0  0  0  0
    6.8166    3.8583   -0.3108 H   0  0  0  0  0  0  0  0  0  0  0  0
  1  2  1  0  0  0  0
  1  6  2  0  0  0  0
  2  3  2  0  0  0  0
  3  4  1  0  0  0  0
  4  5  2  0  0  0  0
  4  8  1  0  0  0  0
  5  6  1  0  0  0  0
  5 10  1  0  0  0  0
  6  7  1  0  0  0  0
  8  9  1  0  0  0  0
  8 11  1  0  0  0  0
  9 10  2  0  0  0  0
 11 12  1  0  0  0  0
 12 13  1  0  0  0  0
 12 14  1  0  0  0  0
 14 15  1  0  0  0  0
 15 16  1  0  0  0  0
 16 17  2  0  0  0  0
 16 18  1  0  0  0  0
 16 19  1  0  0  0  0
  2 20  1  0  0  0  0
  7 21  1  0  0  0  0
  7 22  1  0  0  0  0
  9 23  1  0  0  0  0
 11 24  1  0  0  0  0
 11 25  1  0  0  0  0
 12 26  1  0  0  0  0
 13 27  1  0  0  0  0
 13 28  1  0  0  0  0
 13 29  1  0  0  0  0
 15 30  1  0  0  0  0
 15 31  1  0  0  0  0
 18 32  1  0  0  0  0
 19 33  1  0  0  0  0
M  END

> <energy>
9.4396120129075491

> <StdInChI>
InChI=1S/C9H14N5O4P/c1-6(18-5-19(15,16)17)2-14-4-13-7-8(10)11-3-12-9(7)14/h3-4,6H,2,5H2,1H3,(H2,10,11,12)(H2,15,16,17)/t6-/m1/s1

> <StdInChIKey>
SGOIRFVFHAKUTI-ZCFIWIBFSA-N

> <AuxInfo>
1/1/N:13,11,2,9,15,12,5,6,4,7,1,3,10,8,17,18,19,14,16/E:(15,16,17)/it:im/rA:33cNCNCCCNNCNCCCOCPOOOHHHHHHHHHHHHHH/rB:s1;d2;s3;d4;d1s5;s6;s4;s8;s5d9;s8;s11;s12;s12;s14;s15;d16;s16;s16;s2;s7;s7;s9;s11;s11;s12;s13;s13;s13;s15;s15;s18;s19;/rC:.2344,-1.0983,-.2233;1.1877,-.1396,-.276;2.526,-.2799,-.238;2.8608,-1.5756,-.139;2.0005,-2.6604,-.0838;.6216,-2.403,-.1232;-.3347,-3.4278,-.043;4.1138,-2.1118,-.036;3.9739,-3.4688,.0361;2.7095,-3.834,.0137;5.3595,-1.3708,.0357;5.5746,-.7264,1.4127;6.2635,-1.6574,2.4073;6.2413,.5358,1.3117;7.57,.4992,.8143;8.0402,2.2107,.6407;9.3849,2.4278,.0144;7.8841,2.812,2.1342;6.8092,2.8887,-.16;.8226,.88,-.3527;.0922,-4.3503,-.0631;-1.0125,-3.343,-.7968;4.8203,-4.1363,.1197;6.1732,-2.0608,-.2146;5.3182,-.6134,-.7552;4.5998,-.4767,1.8486;6.462,-1.1354,3.3496;5.6217,-2.5152,2.6359;7.2112,-2.0452,2.0218;8.2364,.0042,1.5259;7.6235,.0002,-.157;7.8533,3.7854,2.2533;6.8166,3.8583,-.3108;

> <Formula>
C9 H14 N5 O4 P

> <Mw>
287.2123

> <SMILES>
N1=C(N([H])[H])C2N=C([H])N(C([H])([H])[C@]([H])(OC([H])([H])P(O[H])(O[H])=O)C([H])([H])[H])C=2N=C1[H]

> <CSID>
408154

$$$$
