Tipranavir
  Marvin  01010805563D          

 42 45  0  0  1  0            999 V2000
   -2.5149    0.7077    2.9908 O   0  0  0  0  0  0  0  0  0  0  0  0
   -1.4760    1.5822    3.0325 C   0  0  1  0  0  0  0  0  0  0  0  0
   -0.0638    0.9240    2.9514 C   0  0  0  0  0  0  0  0  0  0  0  0
   -0.1488   -0.5259    2.9390 C   0  0  0  0  0  0  0  0  0  0  0  0
   -1.3056   -1.2462    2.9684 C   0  0  0  0  0  0  0  0  0  0  0  0
   -2.5011   -0.5473    2.9747 C   0  0  0  0  0  0  0  0  0  0  0  0
   -1.5905    2.6392    1.9082 C   0  0  0  0  0  0  0  0  0  0  0  0
   -1.6785    2.1962    0.4232 C   0  0  0  0  0  0  0  0  0  0  0  0
   -1.6145    3.1477   -0.7086 C   0  0  0  0  0  0  0  0  0  0  0  0
   -1.5618    2.4218    4.3310 C   0  0  0  0  0  0  0  0  0  0  0  0
   -1.6518    1.6966    5.6900 C   0  0  0  0  0  0  0  0  0  0  0  0
   -1.6224    2.7098    6.8343 C   0  0  0  0  0  0  0  0  0  0  0  0
   -1.7329    2.5186   -1.9934 C   0  0  0  0  0  0  0  0  0  0  0  0
   -1.6844    3.3063   -3.1858 C   0  0  0  0  0  0  0  0  0  0  0  0
   -1.5175    4.7217   -3.0468 C   0  0  0  0  0  0  0  0  0  0  0  0
   -1.3971    5.3800   -1.7808 C   0  0  0  0  0  0  0  0  0  0  0  0
   -1.4466    4.5749   -0.6000 C   0  0  0  0  0  0  0  0  0  0  0  0
   -3.6189   -1.0461    2.9471 O   0  0  0  0  0  0  0  0  0  0  0  0
    0.9769   -1.0105    2.8875 O   0  0  0  0  0  0  0  0  0  0  0  0
   -1.3538   -2.7263    2.9269 C   0  0  1  0  0  0  0  0  0  0  0  0
   -1.3493   -3.2335    1.5273 C   0  0  0  0  0  0  0  0  0  0  0  0
   -0.4186   -3.4270    3.9581 C   0  0  0  0  0  0  0  0  0  0  0  0
   -0.3452   -4.9608    3.9966 C   0  0  0  0  0  0  0  0  0  0  0  0
   -2.4698   -4.0183    1.1030 C   0  0  0  0  0  0  0  0  0  0  0  0
   -2.6014   -4.5155   -0.2258 C   0  0  0  0  0  0  0  0  0  0  0  0
   -1.5690   -4.1644   -1.1417 C   0  0  0  0  0  0  0  0  0  0  0  0
   -0.4503   -3.3645   -0.7531 C   0  0  0  0  0  0  0  0  0  0  0  0
   -0.3109   -2.9293    0.5940 C   0  0  0  0  0  0  0  0  0  0  0  0
    0.4240   -2.9315   -1.6322 N   0  0  0  0  0  0  0  0  0  0  0  0
    0.1976   -1.4712   -2.3886 S   0  0  1  0  0  0  0  0  0  0  0  0
    1.6654   -0.6429   -2.7930 C   0  0  0  0  0  0  0  0  0  0  0  0
    1.5552    0.6015   -3.4694 C   0  0  0  0  0  0  0  0  0  0  0  0
    2.7985    1.2004   -3.7809 C   0  0  0  0  0  0  0  0  0  0  0  0
    4.0571    0.6053   -3.4504 C   0  0  0  0  0  0  0  0  0  0  0  0
    4.0758   -0.6392   -2.7480 C   0  0  0  0  0  0  0  0  0  0  0  0
    2.8683   -1.2123   -2.4512 N   0  0  0  0  0  0  0  0  0  0  0  0
    5.3313    1.2950   -3.8158 C   0  0  1  0  0  0  0  0  0  0  0  0
    5.7095    2.1364   -2.7967 F   0  0  0  0  0  0  0  0  0  0  0  0
    6.3997    0.4599   -4.0612 F   0  0  0  0  0  0  0  0  0  0  0  0
    5.2782    2.0606   -4.9613 F   0  0  0  0  0  0  0  0  0  0  0  0
   -0.6405   -1.7595   -3.7090 O   0  0  0  0  0  0  0  0  0  0  0  0
   -0.7017   -0.5135   -1.4901 O   0  0  0  0  0  0  0  0  0  0  0  0
  1  2  1  0  0  0  0
  1  6  1  0  0  0  0
  2 10  1  0  0  0  0
  2  7  1  0  0  0  0
  2  3  1  0  0  0  0
  3  4  1  0  0  0  0
  4  5  2  0  0  0  0
  4 19  1  0  0  0  0
  5  6  1  0  0  0  0
  5 20  1  0  0  0  0
  6 18  2  0  0  0  0
  7  8  1  0  0  0  0
  8  9  1  0  0  0  0
  9 13  2  0  0  0  0
  9 17  1  0  0  0  0
 10 11  1  0  0  0  0
 11 12  1  0  0  0  0
 13 14  1  0  0  0  0
 14 15  2  0  0  0  0
 15 16  1  0  0  0  0
 16 17  2  0  0  0  0
 20 21  1  0  0  0  0
 20 22  1  0  0  0  0
 21 24  2  0  0  0  0
 21 28  1  0  0  0  0
 22 23  1  0  0  0  0
 24 25  1  0  0  0  0
 25 26  2  0  0  0  0
 26 27  1  0  0  0  0
 27 28  2  0  0  0  0
 27 29  1  0  0  0  0
 29 30  1  0  0  0  0
 30 31  1  0  0  0  0
 30 41  2  0  0  0  0
 30 42  2  0  0  0  0
 31 32  2  0  0  0  0
 31 36  1  0  0  0  0
 32 33  1  0  0  0  0
 33 34  2  0  0  0  0
 34 35  1  0  0  0  0
 34 37  1  0  0  0  0
 35 36  2  0  0  0  0
 37 38  1  0  0  0  0
 37 39  1  0  0  0  0
 37 40  1  0  0  0  0
M  END

> <StdInChI>
InChI=1S/C31H33F3N2O5S/c1-3-16-30(17-15-21-9-6-5-7-10-21)19-26(37)28(29(38)41-30)25(4-2)22-11-8-12-24(18-22)36-42(39,40)27-14-13-23(20-35-27)31(32,33)34/h5-14,18,20,25,36-37H,3-4,15-17,19H2,1-2H3/t25-,30-/m1/s1

> <StdInChIKey>
SUJUHGSWHZTSEU-FYBSXPHGSA-N

> <AuxInfo>
1/0/N:12,23,11,22,15,14,16,25,13,17,24,26,33,32,8,10,7,28,3,35,9,21,34,27,20,4,31,5,6,2,37,38,39,40,36,29,19,18,41,42,1,30/E:(6,7)(9,10)(32,33,34)(39,40)/it:im/CRV:42.6/rA:42cOCCCCCCCCCCCCCCCCOOCCCCCCCCCNSCCCCCNCFFFOO/rB:s1;s2;s3;d4;s1s5;s2;s7;s8;s2;s10;s11;d9;s13;d14;s15;s9d16;d6;s4;s5;s20;s20;s22;d21;s24;d25;s26;s21d27;s27;s29;s30;d31;s32;d33;s34;s31d35;s34;s37;s37;s37;d30;d30;/rC:-2.5149,.7077,2.9908;-1.476,1.5822,3.0325;-.0638,.924,2.9514;-.1488,-.5259,2.939;-1.3056,-1.2462,2.9684;-2.5011,-.5473,2.9747;-1.5905,2.6392,1.9082;-1.6785,2.1962,.4232;-1.6145,3.1477,-.7086;-1.5618,2.4218,4.331;-1.6518,1.6966,5.69;-1.6224,2.7098,6.8343;-1.7329,2.5186,-1.9934;-1.6844,3.3063,-3.1858;-1.5175,4.7217,-3.0468;-1.3971,5.38,-1.7808;-1.4466,4.5749,-.6;-3.6189,-1.0461,2.9471;.9769,-1.0105,2.8875;-1.3538,-2.7263,2.9269;-1.3493,-3.2335,1.5273;-.4186,-3.427,3.9581;-.3452,-4.9608,3.9966;-2.4698,-4.0183,1.103;-2.6014,-4.5155,-.2258;-1.569,-4.1644,-1.1417;-.4503,-3.3645,-.7531;-.3109,-2.9293,.594;.424,-2.9315,-1.6322;.1976,-1.4712,-2.3886;1.6654,-.6429,-2.793;1.5552,.6015,-3.4694;2.7985,1.2004,-3.7809;4.0571,.6053,-3.4504;4.0758,-.6392,-2.748;2.8683,-1.2123,-2.4512;5.3313,1.295,-3.8158;5.7095,2.1364,-2.7967;6.3997,.4599,-4.0612;5.2782,2.0606,-4.9613;-.6405,-1.7595,-3.709;-.7017,-.5135,-1.4901;

> <Formula>
C31 H33 F3 N2 O5 S

> <Mw>
602.6643

> <SMILES>
O1C(=O)C([C@H](CC)C2C=C(NS(=O)(=O)C3N=CC(C(F)(F)F)=CC=3)C=CC=2)=C(O)C[C@]1(CCC1C=CC=CC=1)CCC

> <CSID>
10482313

$$$$
