
Trifluridine

 20 21  0  0001  0  0  0  0  0999 V2000
    2.5510    0.0000    0.0000 O   0  0  0  0  0  0  0  0  0  0  0
    2.0098   -1.2078    0.0000 C   0  0  0  0  0  0  0  0  0  0  0
    2.7829   -2.2901    0.0000 C   0  0  0  0  0  0  0  0  0  0  0
    2.3770   -3.5559    0.0000 O   0  0  0  0  0  0  0  0  0  0  0
    3.4496   -4.3386    0.0000 C   0  0  0  0  0  0  0  0  0  0  0
    4.5318   -3.5559    0.0000 C   0  0  0  0  0  0  0  0  0  0  0
    4.1163   -2.2901    0.0000 C   0  0  0  0  0  0  0  0  0  0  0
    4.8990   -1.2175    0.0000 O   0  0  0  0  0  0  0  0  0  0  0
    3.4496   -5.6624    0.0000 N   0  0  0  0  0  0  0  0  0  0  0
    2.2997   -6.3387    0.0000 C   0  0  0  0  0  0  0  0  0  0  0
    2.2997   -7.6722    0.0000 C   0  0  0  0  0  0  0  0  0  0  0
    3.4496   -8.3389    0.0000 C   0  0  0  0  0  0  0  0  0  0  0
    3.4496   -9.6627    0.0000 O   0  0  0  0  0  0  0  0  0  0  0
    4.5995   -7.6722    0.0000 N   0  0  0  0  0  0  0  0  0  0  0
    4.5995   -6.3387    0.0000 C   0  0  0  0  0  0  0  0  0  0  0
    5.7590   -5.6817    0.0000 O   0  0  0  0  0  0  0  0  0  0  0
    1.1499   -8.3389    0.0000 C   0  0  0  0  0  0  0  0  0  0  0
    1.8166   -9.4888    0.0000 F   0  0  0  0  0  0  0  0  0  0  0
    0.4831   -7.1891    0.0000 F   0  0  0  0  0  0  0  0  0  0  0
    0.0000   -9.0057    0.0000 F   0  0  0  0  0  0  0  0  0  0  0
  1  2  1  0
  3  2  1  6
  3  4  1  0
  3  7  1  0
  4  5  1  0
  5  6  1  0
  5  9  1  6
  6  7  1  0
  7  8  1  1
  9 10  1  0
  9 15  1  0
 10 11  2  0
 11 12  1  0
 11 17  1  0
 12 13  2  0
 12 14  1  0
 14 15  1  0
 15 16  2  0
 17 18  1  0
 17 19  1  0
 17 20  1  0
M  END

> <StdInChI>
InChI=1S/C10H11F3N2O5/c11-10(12,13)4-2-15(9(19)14-8(4)18)7-1-5(17)6(3-16)20-7/h2,5-7,16-17H,1,3H2,(H,14,18,19)/t5-,6+,7+/m0/s1

> <StdInChIKey>
VSQQQLOSPVPRAZ-RRKCRQDMSA-N

> <AuxInfo>
1/1/N:6,10,2,11,7,3,5,12,15,17,18,19,20,14,9,1,8,13,16,4/E:(11,12,13)/it:im/rA:20cOCCOCCCONCCCONCOCFFF/rB:s1;n2;s3;s4;s5;s3s6;P7;N5;s9;d10;s11;d12;s12;s9s14;d15;s11;s17;s17;s17;/rC:2.551,0,0;2.0098,-1.2078,0;2.7829,-2.2901,0;2.377,-3.5559,0;3.4496,-4.3386,0;4.5318,-3.5559,0;4.1163,-2.2901,0;4.899,-1.2175,0;3.4496,-5.6624,0;2.2997,-6.3387,0;2.2997,-7.6722,0;3.4496,-8.3389,0;3.4496,-9.6627,0;4.5995,-7.6722,0;4.5995,-6.3387,0;5.759,-5.6817,0;1.1499,-8.3389,0;1.8166,-9.4888,0;.4831,-7.1891,0;0,-9.0057,0;

> <Formula>
C10 H11 F3 N2 O5

> <Mw>
296.2

> <SMILES>
OC[C@@H]1[C@@H](O)C[C@H](N2C(=O)NC(=O)C(C(F)(F)F)=C2)O1

> <CSID>
6020

$$$$
