Truvada


 17 18  0  0001  0  0  0  0  0999 V2000
    6.1203   -7.1249    0.0000 N   0  0  0  0  0  0  0  0  0  0  0
    5.4577   -5.9707    0.0000 C   0  0  0  0  0  0  0  0  0  0  0
    6.1203   -4.8236    0.0000 N   0  0  0  0  0  0  0  0  0  0  0
    5.4577   -3.6693    0.0000 C   0  0  0  0  0  0  0  0  0  0  0
    6.1203   -2.5151    0.0000 O   0  0  0  0  0  0  0  0  0  0  0
    4.1253   -3.6693    0.0000 N   0  0  0  0  0  0  0  0  0  0  0
    3.4627   -2.5151    0.0000 C   0  0  0  0  0  0  0  0  0  0  0
    3.4627   -3.8475    0.0000 H   0  0  0  0  0  0  0  0  0  0  0
    4.0042   -1.3039    0.0000 C   0  0  0  0  0  0  0  0  0  0  0
    3.0138   -0.4132    0.0000 S   0  0  0  0  0  0  0  0  0  0  0
    1.8667   -1.0759    0.0000 C   0  0  0  0  0  0  0  0  0  0  0
    0.5415   -1.2184    0.0000 C   0  0  0  0  0  0  0  0  0  0  0
    0.0000   -2.4296    0.0000 O   0  0  0  0  0  0  0  0  0  0  0
    2.1375   -2.3797    0.0000 O   0  0  0  0  0  0  0  0  0  0  0
    3.4627   -4.8236    0.0000 C   0  0  0  0  0  0  0  0  0  0  0
    4.1253   -5.9707    0.0000 C   0  0  0  0  0  0  0  0  0  0  0
    3.4627   -7.1249    0.0000 F   0  0  0  0  0  0  0  0  0  0  0
  1  2  1  0
  2  3  2  0
  2 16  1  0
  3  4  1  0
  4  5  2  0
  4  6  1  0
  6  7  1  0
  6 15  1  0
  7  8  1  6
  7  9  1  0
  7 14  1  0
  9 10  1  0
 10 11  1  0
 11 12  1  1
 11 14  1  0
 12 13  1  0
 15 16  2  0
 16 17  1  0
M  END

> <StdInChI>
InChI=1S/C8H10FN3O3S/c9-4-1-12(8(14)11-7(4)10)5-3-16-6(2-13)15-5/h1,5-6,13H,2-3H2,(H2,10,11,14)/t5-,6+/m0/s1

> <StdInChIKey>
XQSPYNMVSIKCOC-NTSWFWBYSA-N

> <AuxInfo>
1/1/N:16,13,9,17,7,11,2,4,18,1,3,6,14,5,15,10/it:im/rA:18cNCNCONCHCSCHCOOCCF/rB:s1;d2;s3;d4;s4;s6;N7;s7;s9;s10;s11;P11;s13;s7s11;s6;s2d16;s17;/rC:6.1203,-7.1249,0;5.4577,-5.9707,0;6.1203,-4.8236,0;5.4577,-3.6693,0;6.1203,-2.5151,0;4.1253,-3.6693,0;3.4627,-2.5151,0;3.4627,-3.8475,0;4.0042,-1.3039,0;3.0138,-.4132,0;1.8667,-1.0759,0;1.083,0,0;.5415,-1.2184,0;0,-2.4296,0;2.1375,-2.3797,0;3.4627,-4.8236,0;4.1253,-5.9707,0;3.4627,-7.1249,0;

> <Formula>
C8 H10 F N3 O3 S

> <Mw>
247.2467

> <SMILES>
NC1C(F)=CN([C@]2(O[C@](CO)([H])SC2)[H])C(=O)N=1

> <CSID>
54859

$$$$
