Valaciclovir


 23 24  0  0001  0  0  0  0  0999 V2000
   11.5518    0.0000    0.0000 O   0  0  0  0  0  0  0  0  0  0  0
    8.0221   -5.7899    0.0000 O   0  0  0  0  0  0  0  0  0  0  0
    4.5482   -5.1341    0.0000 O   0  0  0  0  0  0  0  0  0  0  0
    3.4460   -7.1292    0.0000 O   0  0  0  0  0  0  0  0  0  0  0
    9.2219   -3.7948    0.0000 N   0  0  0  0  0  0  0  0  0  0  0
   11.6216   -3.9901    0.0000 N   0  0  0  0  0  0  0  0  0  0  0
    9.1522   -1.6602    0.0000 N   0  0  0  0  0  0  0  0  0  0  0
   12.7516   -1.9951    0.0000 N   0  0  0  0  0  0  0  0  0  0  0
   13.9514   -3.9343    0.0000 N   0  0  0  0  0  0  0  0  0  0  0
    2.2741   -3.7948    0.0000 N   0  0  0  0  0  0  0  0  0  0  0
   10.4217   -3.3344    0.0000 C   0  0  0  0  0  0  0  0  0  0  0
   10.4217   -1.9951    0.0000 C   0  0  0  0  0  0  0  0  0  0  0
   11.5518   -1.3254    0.0000 C   0  0  0  0  0  0  0  0  0  0  0
    8.4127   -2.7345    0.0000 C   0  0  0  0  0  0  0  0  0  0  0
   12.7516   -3.3344    0.0000 C   0  0  0  0  0  0  0  0  0  0  0
    9.2219   -5.1341    0.0000 C   0  0  0  0  0  0  0  0  0  0  0
    2.2601   -5.1202    0.0000 C   0  0  0  0  0  0  0  0  0  0  0
    3.3902   -5.7899    0.0000 C   0  0  0  0  0  0  0  0  0  0  0
    6.8781   -5.1341    0.0000 C   0  0  0  0  0  0  0  0  0  0  0
    1.1161   -5.7759    0.0000 C   0  0  0  0  0  0  0  0  0  0  0
    5.6782   -5.7899    0.0000 C   0  0  0  0  0  0  0  0  0  0  0
    0.0000   -5.1202    0.0000 C   0  0  0  0  0  0  0  0  0  0  0
    1.1719   -7.1292    0.0000 C   0  0  0  0  0  0  0  0  0  0  0
  1 13  2  0
  2 16  1  0
  2 19  1  0
  3 18  1  0
  3 21  1  0
  4 18  2  0
  5 11  1  0
  5 14  1  0
  5 16  1  0
  6 11  1  0
  6 15  2  0
  7 12  1  0
  7 14  2  0
  8 13  1  0
  8 15  1  0
  9 15  1  0
 17 10  1  6
 11 12  2  0
 12 13  1  0
 17 18  1  0
 17 20  1  0
 19 21  1  0
 20 22  1  0
 20 23  1  0
M  END

> <StdInChI>
InChI=1S/C13H20N6O4/c1-7(2)8(14)12(21)23-4-3-22-6-19-5-16-9-10(19)17-13(15)18-11(9)20/h5,7-8H,3-4,6,14H2,1-2H3,(H3,15,17,18,20)/t8-/m0/s1

> <StdInChIKey>
HDOVUKNUBWVHOX-QMMMGPOBSA-N

> <AuxInfo>
1/1/N:22,23,19,21,14,16,20,17,12,11,13,18,15,10,9,7,6,8,5,1,4,2,3/E:(1,2)/it:im/rA:23cOOOONNNNNNCCCCCCCCCCCCC/rB:;;;;;;;;;s5s6;s7d11;d1s8s12;s5d7;d6s8s9;s2s5;n10;s3d4s17;s2;s17;s3s19;s20;s20;/rC:11.5518,0,0;8.0221,-5.7899,0;4.5482,-5.1341,0;3.446,-7.1292,0;9.2219,-3.7948,0;11.6216,-3.9901,0;9.1522,-1.6602,0;12.7516,-1.9951,0;13.9514,-3.9343,0;2.2741,-3.7948,0;10.4217,-3.3344,0;10.4217,-1.9951,0;11.5518,-1.3254,0;8.4127,-2.7345,0;12.7516,-3.3344,0;9.2219,-5.1341,0;2.2601,-5.1202,0;3.3902,-5.7899,0;6.8781,-5.1341,0;1.1161,-5.7759,0;5.6782,-5.7899,0;0,-5.1202,0;1.1719,-7.1292,0;

> <Formula>
C13 H20 N6 O4

> <Mw>
324.3357

> <SMILES>
O=C1C2=C(N=C(N)N1)N(COCCOC([C@H](C(C)C)N)=O)C=N2

> <CSID>
54770

$$$$
