Valganciclovir


 25 26  0  0001  0  0  0  0  0999 V2000
    7.9253   -5.9129    0.0000 O   0  0  0  0  0  0  0  0  0  0  0
   11.2883    0.0000    0.0000 O   0  0  0  0  0  0  0  0  0  0  0
    4.5346   -5.2651    0.0000 O   0  0  0  0  0  0  0  0  0  0  0
    3.3906   -7.2637    0.0000 O   0  0  0  0  0  0  0  0  0  0  0
    5.6648   -3.2804    0.0000 O   0  0  0  0  0  0  0  0  0  0  0
    9.0693   -3.9144    0.0000 N   0  0  0  0  0  0  0  0  0  0  0
    8.9314   -1.7367    0.0000 N   0  0  0  0  0  0  0  0  0  0  0
   11.4675   -4.0384    0.0000 N   0  0  0  0  0  0  0  0  0  0  0
   12.5426   -1.9158    0.0000 N   0  0  0  0  0  0  0  0  0  0  0
   13.7831   -3.9006    0.0000 N   0  0  0  0  0  0  0  0  0  0  0
    2.2604   -3.9282    0.0000 N   0  0  0  0  0  0  0  0  0  0  0
   10.2270   -3.3769    0.0000 C   0  0  0  0  0  0  0  0  0  0  0
   10.2133   -2.0537    0.0000 C   0  0  0  0  0  0  0  0  0  0  0
   11.3021   -1.3232    0.0000 C   0  0  0  0  0  0  0  0  0  0  0
    8.2009   -2.8393    0.0000 C   0  0  0  0  0  0  0  0  0  0  0
   12.5564   -3.3079    0.0000 C   0  0  0  0  0  0  0  0  0  0  0
    9.0693   -5.2513    0.0000 C   0  0  0  0  0  0  0  0  0  0  0
    6.7951   -5.2651    0.0000 C   0  0  0  0  0  0  0  0  0  0  0
    5.6648   -5.9267    0.0000 C   0  0  0  0  0  0  0  0  0  0  0
    3.3906   -5.9267    0.0000 C   0  0  0  0  0  0  0  0  0  0  0
    2.2604   -5.2651    0.0000 C   0  0  0  0  0  0  0  0  0  0  0
    6.7951   -3.9282    0.0000 C   0  0  0  0  0  0  0  0  0  0  0
    1.1302   -5.9267    0.0000 C   0  0  0  0  0  0  0  0  0  0  0
    0.0000   -5.2789    0.0000 C   0  0  0  0  0  0  0  0  0  0  0
    1.1302   -7.2637    0.0000 C   0  0  0  0  0  0  0  0  0  0  0
  1 17  1  0
  1 18  1  0
  2 14  2  0
  3 19  1  0
  3 20  1  0
  4 20  2  0
  5 22  1  0
  6 12  1  0
  6 15  1  0
  6 17  1  0
  7 13  1  0
  7 15  2  0
  8 12  1  0
  8 16  1  0
  9 14  1  0
  9 16  2  0
 10 16  1  0
 21 11  1  6
 12 13  2  0
 13 14  1  0
 18 19  1  0
 18 22  1  0
 20 21  1  0
 21 23  1  0
 23 24  1  0
 23 25  1  0
M  END

> <StdInChI>
InChI=1S/C14H22N6O5/c1-7(2)9(15)13(23)24-4-8(3-21)25-6-20-5-17-10-11(20)18-14(16)19-12(10)22/h5,7-9,21H,3-4,6,15H2,1-2H3,(H3,16,18,19,22)/t8?,9-/m0/s1

> <StdInChIKey>
WPVFJKSGQUFQAP-GKAPJAKFSA-N

> <AuxInfo>
1/1/N:24,25,22,19,15,17,23,18,21,13,12,14,20,16,11,10,7,8,9,6,5,2,4,3,1/E:(1,2)/it:im/rA:25cOOOOONNNNNNCCCCCCCCCCCCCC/rB:;;;;;;;;;;s6s8;s7d12;d2s9s13;s6d7;s8d9s10;s1s6;s1;s3s18;s3d4;n11s20;s5s18;s21;s23;s23;/rC:7.9253,-5.9129,0;11.2883,0,0;4.5346,-5.2651,0;3.3906,-7.2637,0;5.6648,-3.2804,0;9.0693,-3.9144,0;8.9314,-1.7367,0;11.4675,-4.0384,0;12.5426,-1.9158,0;13.7831,-3.9006,0;2.2604,-3.9282,0;10.227,-3.3769,0;10.2133,-2.0537,0;11.3021,-1.3232,0;8.2009,-2.8393,0;12.5564,-3.3079,0;9.0693,-5.2513,0;6.7951,-5.2651,0;5.6648,-5.9267,0;3.3906,-5.9267,0;2.2604,-5.2651,0;6.7951,-3.9282,0;1.1302,-5.9267,0;0,-5.2789,0;1.1302,-7.2637,0;

> <Formula>
C14 H22 N6 O5

> <Mw>
354.3617

> <SMILES>
O(C(CO)COC([C@H](C(C)C)N)=O)CN1C=NC2C(N=C(N)NC1=2)=O

> <CSID>
57721

$$$$
