Vidarabine
  Marvin  12300703363D          

 32 34  0  0  1  0            999 V2000
    1.0590   -0.7199   -1.0159 O   0  0  0  0  0  0  0  0  0  0  0  0
   -0.1412   -0.8158    1.7405 O   0  0  0  0  0  0  0  0  0  0  0  0
    3.2061   -1.9937    1.3067 O   0  0  0  0  0  0  0  0  0  0  0  0
    0.7649   -3.0757   -2.6192 O   0  0  0  0  0  0  0  0  0  0  0  0
    0.4324    1.3730   -0.0649 N   0  0  0  0  0  0  0  0  0  0  0  0
   -0.2785    3.4991   -0.0554 N   0  0  0  0  0  0  0  0  0  0  0  0
   -1.8069    0.3514   -0.2011 N   0  0  0  0  0  0  0  0  0  0  0  0
   -3.5843    1.8875   -0.1293 N   0  0  0  0  0  0  0  0  0  0  0  0
   -3.2283    4.1555    0.0436 N   0  0  0  0  0  0  0  0  0  0  0  0
    1.2022   -0.5960    1.3099 C   0  0  2  0  0  0  0  0  0  0  0  0
    1.3129    0.2393    0.0135 C   0  0  1  0  0  0  0  0  0  0  0  0
    1.8394   -1.9375    0.9000 C   0  0  1  0  0  0  0  0  0  0  0  0
    1.6880   -1.9556   -0.6443 C   0  0  1  0  0  0  0  0  0  0  0  0
    0.8545   -3.1322   -1.1998 C   0  0  0  0  0  0  0  0  0  0  0  0
   -0.9128    1.3717   -0.1267 C   0  0  0  0  0  0  0  0  0  0  0  0
    0.7868    2.6778   -0.0636 C   0  0  0  0  0  0  0  0  0  0  0  0
   -1.3504    2.6955   -0.0776 C   0  0  0  0  0  0  0  0  0  0  0  0
   -2.7346    2.9480   -0.0575 C   0  0  0  0  0  0  0  0  0  0  0  0
   -3.1411    0.6036   -0.2050 C   0  0  0  0  0  0  0  0  0  0  0  0
    1.7279   -0.1113    2.1367 H   0  0  0  0  0  0  0  0  0  0  0  0
    2.3520    0.5804   -0.0908 H   0  0  0  0  0  0  0  0  0  0  0  0
    1.3393   -2.7785    1.3898 H   0  0  0  0  0  0  0  0  0  0  0  0
    2.6749   -1.9854   -1.1185 H   0  0  0  0  0  0  0  0  0  0  0  0
    1.3161   -4.0828   -0.9245 H   0  0  0  0  0  0  0  0  0  0  0  0
   -0.1574   -3.1052   -0.7901 H   0  0  0  0  0  0  0  0  0  0  0  0
   -0.0808   -1.3970    2.5269 H   0  0  0  0  0  0  0  0  0  0  0  0
    3.5187   -2.8792    1.0253 H   0  0  0  0  0  0  0  0  0  0  0  0
    1.7490    3.0239   -0.0546 H   0  0  0  0  0  0  0  0  0  0  0  0
    0.2137   -3.8471   -2.8689 H   0  0  0  0  0  0  0  0  0  0  0  0
   -3.8061   -0.1684   -0.2559 H   0  0  0  0  0  0  0  0  0  0  0  0
   -4.1507    4.2904   -0.0395 H   0  0  0  0  0  0  0  0  0  0  0  0
   -2.6650    4.8841    0.2101 H   0  0  0  0  0  0  0  0  0  0  0  0
  1 11  1  0  0  0  0
  1 13  1  0  0  0  0
 10  2  1  0  0  0  0
  2 26  1  0  0  0  0
 12  3  1  0  0  0  0
  3 27  1  0  0  0  0
  4 14  1  0  0  0  0
  4 29  1  0  0  0  0
 11  5  1  0  0  0  0
  5 15  1  0  0  0  0
  5 16  1  0  0  0  0
  6 16  2  0  0  0  0
  6 17  1  0  0  0  0
  7 15  2  0  0  0  0
  7 19  1  0  0  0  0
  8 18  1  0  0  0  0
  8 19  2  0  0  0  0
  9 18  1  0  0  0  0
  9 31  1  0  0  0  0
  9 32  1  0  0  0  0
 10 11  1  0  0  0  0
 10 12  1  0  0  0  0
 10 20  1  0  0  0  0
 11 21  1  0  0  0  0
 12 13  1  0  0  0  0
 12 22  1  0  0  0  0
 13 14  1  0  0  0  0
 13 23  1  0  0  0  0
 14 24  1  0  0  0  0
 14 25  1  0  0  0  0
 15 17  1  0  0  0  0
 16 28  1  0  0  0  0
 17 18  2  0  0  0  0
 19 30  1  0  0  0  0
M  END

> <PUBCHEM_BONDANNOTATIONS>
13  14  5
15  17  8
17  18  8
10  2  5
12  3  6
11  5  5
5  15  8
5  16  8
6  16  8
6  17  8
7  15  8
7  19  8
8  18  8
8  19  8

> <StdInChI>
InChI=1S/C10H13N5O4/c11-8-5-9(13-2-12-8)15(3-14-5)10-7(18)6(17)4(1-16)19-10/h2-4,6-7,10,16-18H,1H2,(H2,11,12,13)/t4-,6-,7+,10-/m1/s1

> <StdInChIKey>
OIRDTQYFTABQOQ-UHTZMRCNSA-N

> <AuxInfo>
1/1/N:14,19,16,13,17,12,10,18,15,11,9,8,7,6,5,4,3,2,1/it:im/rA:32cOOOONNNNNCCCCCCCCCCHHHHHHHHHHHHH/rB:;;;;;;;;s2;s1s5s10;s3s10;s1s12;s4s13;s5d7;s5d6;s6s15;s8s9d17;s7d8;s10;s11;s12;s13;s14;s14;s2;s3;s16;s4;s19;s9;s9;/rC:1.059,-.7199,-1.0159;-.1412,-.8158,1.7405;3.2061,-1.9937,1.3067;.7649,-3.0757,-2.6192;.4324,1.373,-.0649;-.2785,3.4991,-.0554;-1.8069,.3514,-.2011;-3.5843,1.8875,-.1293;-3.2283,4.1555,.0436;1.2022,-.596,1.3099;1.3129,.2393,.0135;1.8394,-1.9375,.9;1.688,-1.9556,-.6443;.8545,-3.1322,-1.1998;-.9128,1.3717,-.1267;.7868,2.6778,-.0636;-1.3504,2.6955,-.0776;-2.7346,2.948,-.0575;-3.1411,.6036,-.205;1.7279,-.1113,2.1367;2.352,.5804,-.0908;1.3393,-2.7785,1.3898;2.6749,-1.9854,-1.1185;1.3161,-4.0828,-.9245;-.1574,-3.1052,-.7901;-.0808,-1.397,2.5269;3.5187,-2.8792,1.0253;1.749,3.0239,-.0546;.2137,-3.8471,-2.8689;-3.8061,-.1684,-.2559;-4.1507,4.2904,-.0395;-2.665,4.8841,.2101;

> <Formula>
C10 H13 N5 O4

> <Mw>
267.2413

> <SMILES>
O1[C@]([H])(C([H])([H])O[H])[C@]([H])([C@@]([H])([C@]1([H])N1C([H])=NC2=C(N([H])[H])N=C([H])N=C12)O[H])O[H]

> <CSID>
20400

$$$$
