Zalcitabine
  Marvin  12300703363D          

 28 29  0  0  1  0            999 V2000
    0.1498   -1.0952   -0.7538 O   0  0  0  0  0  0  0  0  0  0  0  0
   -0.1590   -3.0247   -2.8580 O   0  0  0  0  0  0  0  0  0  0  0  0
   -1.7251    1.0704   -0.0970 O   0  0  0  0  0  0  0  0  0  0  0  0
    0.5032    0.9292    0.3687 N   0  0  0  0  0  0  0  0  0  0  0  0
   -0.6415    2.9032    0.0310 N   0  0  0  0  0  0  0  0  0  0  0  0
    0.3326    4.8914    0.1158 N   0  0  0  0  0  0  0  0  0  0  0  0
    0.5489   -0.4892    0.4828 C   0  0  1  0  0  0  0  0  0  0  0  0
   -0.3345   -1.1631    1.5659 C   0  0  0  0  0  0  0  0  0  0  0  0
   -0.9574   -2.3761    0.8454 C   0  0  0  0  0  0  0  0  0  0  0  0
   -0.1798   -2.4614   -0.4840 C   0  0  1  0  0  0  0  0  0  0  0  0
   -0.9471   -3.0774   -1.6735 C   0  0  0  0  0  0  0  0  0  0  0  0
    1.6258    1.6540    0.4990 C   0  0  0  0  0  0  0  0  0  0  0  0
   -0.6355    1.5916    0.1017 C   0  0  0  0  0  0  0  0  0  0  0  0
    1.6274    3.0006    0.4139 C   0  0  0  0  0  0  0  0  0  0  0  0
    0.4275    3.6142    0.1835 C   0  0  0  0  0  0  0  0  0  0  0  0
    1.5704   -0.8554    0.6627 H   0  0  0  0  0  0  0  0  0  0  0  0
    0.2667   -1.4817    2.4224 H   0  0  0  0  0  0  0  0  0  0  0  0
   -1.1172   -0.5070    1.9543 H   0  0  0  0  0  0  0  0  0  0  0  0
   -0.8630   -3.2979    1.4255 H   0  0  0  0  0  0  0  0  0  0  0  0
   -2.0206   -2.1930    0.6642 H   0  0  0  0  0  0  0  0  0  0  0  0
    0.7420   -3.0387   -0.3400 H   0  0  0  0  0  0  0  0  0  0  0  0
   -1.1905   -4.1208   -1.4642 H   0  0  0  0  0  0  0  0  0  0  0  0
   -1.8743   -2.5309   -1.8567 H   0  0  0  0  0  0  0  0  0  0  0  0
    2.5091    1.2229    0.6577 H   0  0  0  0  0  0  0  0  0  0  0  0
    2.4722    3.5184    0.5067 H   0  0  0  0  0  0  0  0  0  0  0  0
   -0.7273   -3.4046   -3.5607 H   0  0  0  0  0  0  0  0  0  0  0  0
   -0.4665    5.2925   -0.1599 H   0  0  0  0  0  0  0  0  0  0  0  0
    1.0636    5.4288    0.3465 H   0  0  0  0  0  0  0  0  0  0  0  0
  1  7  1  0  0  0  0
  1 10  1  0  0  0  0
  2 11  1  0  0  0  0
  2 26  1  0  0  0  0
  3 13  2  0  0  0  0
  7  4  1  0  0  0  0
  4 12  1  0  0  0  0
  4 13  1  0  0  0  0
  5 13  1  0  0  0  0
  5 15  2  0  0  0  0
  6 15  1  0  0  0  0
  6 27  1  0  0  0  0
  6 28  1  0  0  0  0
  7  8  1  0  0  0  0
  7 16  1  0  0  0  0
  8  9  1  0  0  0  0
  8 17  1  0  0  0  0
  8 18  1  0  0  0  0
  9 10  1  0  0  0  0
  9 19  1  0  0  0  0
  9 20  1  0  0  0  0
 10 11  1  0  0  0  0
 10 21  1  0  0  0  0
 11 22  1  0  0  0  0
 11 23  1  0  0  0  0
 12 14  2  0  0  0  0
 12 24  1  0  0  0  0
 14 15  1  0  0  0  0
 14 25  1  0  0  0  0
M  END

> <PUBCHEM_BONDANNOTATIONS>
10  11  6
12  14  8
14  15  8
4  12  8
4  13  8
7  4  6
5  13  8
5  15  8

> <StdInChI>
InChI=1S/C9H13N3O3/c10-7-3-4-12(9(14)11-7)8-2-1-6(5-13)15-8/h3-4,6,8,13H,1-2,5H2,(H2,10,11,14)/t6-,8+/m0/s1

> <StdInChIKey>
WREGKURFCTUGRC-POYBYMJQSA-N

> <AuxInfo>
1/1/N:9,8,14,12,11,10,15,7,13,6,5,4,2,3,1/it:im/rA:28cOOONNNCCCCCCCCCHHHHHHHHHHHHH/rB:;;;;;s1s4;s7;s8;s1s9;s2s10;s4;d3s4s5;d12;d5s6s14;s7;s8;s8;s9;s9;s10;s11;s11;s12;s14;s2;s6;s6;/rC:.1498,-1.0952,-.7538;-.159,-3.0247,-2.858;-1.7251,1.0704,-.097;.5032,.9292,.3687;-.6415,2.9032,.031;.3326,4.8914,.1158;.5489,-.4892,.4828;-.3345,-1.1631,1.5659;-.9574,-2.3761,.8454;-.1798,-2.4614,-.484;-.9471,-3.0774,-1.6735;1.6258,1.654,.499;-.6355,1.5916,.1017;1.6274,3.0006,.4139;.4275,3.6142,.1835;1.5704,-.8554,.6627;.2667,-1.4817,2.4224;-1.1172,-.507,1.9543;-.863,-3.2979,1.4255;-2.0206,-2.193,.6642;.742,-3.0387,-.34;-1.1905,-4.1208,-1.4642;-1.8743,-2.5309,-1.8567;2.5091,1.2229,.6577;2.4722,3.5184,.5067;-.7273,-3.4046,-3.5607;-.4665,5.2925,-.1599;1.0636,5.4288,.3465;

> <Formula>
C9 H13 N3 O3

> <Mw>
211.2178

> <SMILES>
O1[C@]([H])(C([H])([H])O[H])C([H])([H])C([H])([H])[C@]1([H])N1C(N=C(C([H])=C1[H])N([H])[H])=O

> <CSID>
22498

$$$$
