Zanamivir
  Marvin  12310715543D          

 43 43  0  0  1  0            999 V2000
   -1.6436    0.5205   -1.3861 O   0  0  0  0  0  0  0  0  0  0  0  0
   -1.8649    2.6360    0.4132 O   0  0  0  0  0  0  0  0  0  0  0  0
   -0.3010    2.5770    2.7752 O   0  0  0  0  0  0  0  0  0  0  0  0
    2.2093    3.5328    1.7512 O   0  0  0  0  0  0  0  0  0  0  0  0
    3.9350    0.4279   -1.1353 O   0  0  0  0  0  0  0  0  0  0  0  0
   -4.0926    0.2375   -2.3139 O   0  0  0  0  0  0  0  0  0  0  0  0
   -3.4584   -1.2798   -3.5417 O   0  0  0  0  0  0  0  0  0  0  0  0
    1.8248    0.1915   -1.0351 N   0  0  0  0  0  0  0  0  0  0  0  0
    0.1359   -2.6231   -0.3124 N   0  0  0  0  0  0  0  0  0  0  0  0
   -0.2650   -3.7641    1.5249 N   0  0  0  0  0  0  0  0  0  0  0  0
   -1.5192   -2.0141    1.1227 N   0  0  0  0  0  0  0  0  0  0  0  0
   -0.5277    0.9091   -0.7323 C   0  0  2  0  0  0  0  0  0  0  0  0
    0.5499   -0.2320   -0.6280 C   0  0  1  0  0  0  0  0  0  0  0  0
   -0.9292    1.5780    0.6272 C   0  0  1  0  0  0  0  0  0  0  0  0
    0.1233   -1.6009   -1.2762 C   0  0  2  0  0  0  0  0  0  0  0  0
    0.2254    2.1165    1.5315 C   0  0  1  0  0  0  0  0  0  0  0  0
   -1.1361   -1.5822   -2.0050 C   0  0  0  0  0  0  0  0  0  0  0  0
   -1.9702   -0.5232   -1.9936 C   0  0  0  0  0  0  0  0  0  0  0  0
    1.1035    3.2258    0.9082 C   0  0  0  0  0  0  0  0  0  0  0  0
    3.0024   -0.1437   -0.5896 C   0  0  0  0  0  0  0  0  0  0  0  0
   -3.1784   -0.5205   -2.6238 C   0  0  0  0  0  0  0  0  0  0  0  0
   -0.5645   -2.7923    0.7543 C   0  0  0  0  0  0  0  0  0  0  0  0
    3.3461   -1.0928    0.4543 C   0  0  0  0  0  0  0  0  0  0  0  0
   -0.1496    1.7098   -1.3743 H   0  0  0  0  0  0  0  0  0  0  0  0
    0.6333   -0.4073    0.4420 H   0  0  0  0  0  0  0  0  0  0  0  0
   -1.4661    0.8282    1.2147 H   0  0  0  0  0  0  0  0  0  0  0  0
    0.8755   -1.8968   -2.0143 H   0  0  0  0  0  0  0  0  0  0  0  0
    0.8952    1.3041    1.8182 H   0  0  0  0  0  0  0  0  0  0  0  0
    1.8278    0.8034   -1.7436 H   0  0  0  0  0  0  0  0  0  0  0  0
   -1.3768   -2.4086   -2.5065 H   0  0  0  0  0  0  0  0  0  0  0  0
    0.5196    4.1335    0.7475 H   0  0  0  0  0  0  0  0  0  0  0  0
    1.5155    2.9047   -0.0488 H   0  0  0  0  0  0  0  0  0  0  0  0
   -2.6503    2.2156    0.0039 H   0  0  0  0  0  0  0  0  0  0  0  0
   -0.6828    1.7800    3.2025 H   0  0  0  0  0  0  0  0  0  0  0  0
    3.9856   -1.8776    0.0473 H   0  0  0  0  0  0  0  0  0  0  0  0
    3.8841   -0.5837    1.2562 H   0  0  0  0  0  0  0  0  0  0  0  0
    2.4928   -1.5917    0.9101 H   0  0  0  0  0  0  0  0  0  0  0  0
    2.7401    4.1851    1.2477 H   0  0  0  0  0  0  0  0  0  0  0  0
    0.4230   -4.3548    1.2967 H   0  0  0  0  0  0  0  0  0  0  0  0
   -0.7180   -3.8723    2.3366 H   0  0  0  0  0  0  0  0  0  0  0  0
   -1.9444   -2.1363    1.9462 H   0  0  0  0  0  0  0  0  0  0  0  0
   -1.7941   -1.3147    0.5662 H   0  0  0  0  0  0  0  0  0  0  0  0
   -4.0152    0.7956   -1.6377 H   0  0  0  0  0  0  0  0  0  0  0  0
  1 12  1  0  0  0  0
  1 18  1  0  0  0  0
 14  2  1  0  0  0  0
  2 33  1  0  0  0  0
 16  3  1  0  0  0  0
  3 34  1  0  0  0  0
  4 19  1  0  0  0  0
  4 38  1  0  0  0  0
  5 20  2  0  0  0  0
  6 21  1  0  0  0  0
  6 43  1  0  0  0  0
  7 21  2  0  0  0  0
 13  8  1  0  0  0  0
  8 20  1  0  0  0  0
  8 29  1  0  0  0  0
 15  9  1  0  0  0  0
  9 22  2  0  0  0  0
 10 22  1  0  0  0  0
 10 39  1  0  0  0  0
 10 40  1  0  0  0  0
 11 22  1  0  0  0  0
 11 41  1  0  0  0  0
 11 42  1  0  0  0  0
 12 13  1  0  0  0  0
 12 14  1  0  0  0  0
 12 24  1  0  0  0  0
 13 15  1  0  0  0  0
 13 25  1  0  0  0  0
 14 16  1  0  0  0  0
 14 26  1  0  0  0  0
 15 17  1  0  0  0  0
 15 27  1  0  0  0  0
 16 19  1  0  0  0  0
 16 28  1  0  0  0  0
 17 18  2  0  0  0  0
 17 30  1  0  0  0  0
 18 21  1  0  0  0  0
 19 31  1  0  0  0  0
 19 32  1  0  0  0  0
 20 23  1  0  0  0  0
 23 35  1  0  0  0  0
 23 36  1  0  0  0  0
 23 37  1  0  0  0  0
M  END

> <PUBCHEM_BONDANNOTATIONS>
12  24  6
14  2  5
16  3  6
13  8  6
15  9  5

> <StdInChI>
InChI=1S/C12H20N4O7/c1-4(18)15-8-5(16-12(13)14)2-7(11(21)22)23-10(8)9(20)6(19)3-17/h2,5-6,8-10,17,19-20H,3H2,1H3,(H,15,18)(H,21,22)(H4,13,14,16)/t5-,6+,8+,9+,10+/m0/s1

> <StdInChIKey>
ARAIBEBZBOPLMB-UFGQHTETSA-N

> <AuxInfo>
1/1/N:23,17,19,20,15,16,18,13,14,12,21,22,10,11,8,9,4,5,3,2,6,7,1/E:(13,14)(21,22)/it:im/rA:43cOOOOOOONNNNCCCCCCCCCCCCHHHHHHHHHHHHHHHHHHHH/rB:;;;;;;;;;;s1;s8s12;s2s12;s9s13;s3s14;s15;s1d17;s4s16;d5s8;s6d7s18;d9s10s11;s20;s12;s13;s14;s15;s16;s8;s17;s19;s19;s2;s3;s23;s23;s23;s4;s10;s10;s11;s11;s6;/rC:-1.6436,.5205,-1.3861;-1.8649,2.636,.4132;-.301,2.577,2.7752;2.2093,3.5328,1.7512;3.935,.4279,-1.1353;-4.0926,.2375,-2.3139;-3.4584,-1.2798,-3.5417;1.8248,.1915,-1.0351;.1359,-2.6231,-.3124;-.265,-3.7641,1.5249;-1.5192,-2.0141,1.1227;-.5277,.9091,-.7323;.5499,-.232,-.628;-.9292,1.578,.6272;.1233,-1.6009,-1.2762;.2254,2.1165,1.5315;-1.1361,-1.5822,-2.005;-1.9702,-.5232,-1.9936;1.1035,3.2258,.9082;3.0024,-.1437,-.5896;-3.1784,-.5205,-2.6238;-.5645,-2.7923,.7543;3.3461,-1.0928,.4543;-.1496,1.7098,-1.3743;.6333,-.4073,.442;-1.4661,.8282,1.2147;.8755,-1.8968,-2.0143;.8952,1.3041,1.8182;1.8278,.8034,-1.7436;-1.3768,-2.4086,-2.5065;.5196,4.1335,.7475;1.5155,2.9047,-.0488;-2.6503,2.2156,.0039;-.6828,1.78,3.2025;3.9856,-1.8776,.0473;3.8841,-.5837,1.2562;2.4928,-1.5917,.9101;2.7401,4.1851,1.2477;.423,-4.3548,1.2967;-.718,-3.8723,2.3366;-1.9444,-2.1363,1.9462;-1.7941,-1.3147,.5662;-4.0152,.7956,-1.6377;

> <Formula>
C12 H20 N4 O7

> <Mw>
332.3098

> <SMILES>
O1C(C(=O)O[H])=C([H])[C@@]([H])([C@]([H])([C@]1([H])[C@@]([H])([C@@]([H])(C([H])([H])O[H])O[H])O[H])N([H])C(C([H])([H])[H])=O)/N=C(\N([H])[H])/N([H])[H]

> <CSID>
54842

$$$$
